3000 4  
0.222 0.377 0.75 0.494
0.253 0.801 0.314 0.165
0.531 0.941 0.538 0.774
0.053 0.957 0.268 0.673
0.558 0.91 0.468 0.61
0.928 0.272 0.304 0.544
0.598 0.235 0.68 0.234
0.474 0.696 0.803 0.907
0.521 0.892 0.127 0.881
0.508 0.86 0.788 0.008
0.755 0.062 0.308 0.62
0.124 0.165 0.322 0.535
0.766 0.628 0.045 0.062
0.843 0.282 0.845 0.556
0.753 0.734 0.699 0.106
0.294 0.18 0.694 0.435
0.008 0.159 0.776 0.366
0.566 0.012 0.693 0.651
0.925 0.849 0.792 0.198
0.926 0.302 0.812 0.815
0.995 0.418 0.693 0.629
0.02 0.457 0.929 0.805
0.206 0.199 0.909 0.248
0.457 0.571 0.156 0.365
0.767 0.049 0.004 0.723
0.677 0.412 0.836 0.685
0.693 0.711 0.221 0.965
0.752 0.816 0.889 0.439
0.577 0.635 0.529 0.12
0.463 0.335 0.152 0.995
0.881 0.366 0.935 0.48
0.295 0.947 0.976 0.946
0.626 0.343 0.135 0.791
0.121 0.239 0.423 0.357
0.309 0.169 0.804 0.921
0.029 0.123 0.445 0.688
0.487 0.292 0.869 0.017
0.387 0.981 0.234 0.727
0.943 0.988 0.099 0.532
0.022 0.089 0.278 0.564
0.249 0.262 0.115 0.603
0.244 0.814 0.899 0.183
0.447 0.491 0.977 0.13
0.115 0.356 0.901 0.72
0.282 0.448 0.326 0.249
0.089 0.288 0.672 0.961
0.211 0.787 0.407 0.548
0.935 0.945 0.315 0.298
0.675 0.658 0.143 0.021
0.662 0.168 0.916 0.913
0.266 0.414 0.103 0.956
0.645 0.412 0.216 0.99
0.747 0.076 0.774 0.736
0.695 0.662 0.871 0.213
0.362 0.872 0.851 0.558
0.181 0.732 0.527 0.023
0.881 0.942 0.674 0.098
0.477 0.559 0.013 0.179
0.363 0.997 0.225 0.482
0.908 0.934 0.209 0.951
0.624 0.594 0.891 0.148
0.798 0.444 0.785 0.311
0.276 0.658 0.224 0.819
0.994 0.362 0.772 0.549
0.889 0.917 0.94 0.903
0.477 0.554 0.517 0.808
0.137 0.393 0.911 0.34
0.718 0.547 0.9 0.675
0.121 0.579 0.104 0.977
0.083 0.327 0.937 0.722
0.332 0.133 0.306 0.14
0.051 0.091 0.486 0.295
0.249 0.568 0.123 0.616
0.373 0.006 0.193 0.296
0.794 0.842 0.144 0.901
0.974 0.362 0.768 0.207
0.967 0.817 0.007 0.78
0.446 0.074 0.957 0.733
0.719 0.102 0.348 0.352
0.542 0.793 0.758 0.532
0.058 0.305 0.135 0.982
0.521 0.577 0.428 0.68
0.602 0.174 0.945 0.997
0.494 0.638 0.744 0.549
0.551 0.016 0.235 0.737
0.992 0.261 0.321 0.474
0.631 0.716 0.363 0.548
0.365 0.842 0.1 0.334
0.752 0.045 0.39 0.694
0.125 0.093 0.839 0.803
0.098 0.938 0.879 0.742
0.595 0.831 0.941 0.207
0.658 0.604 0.502 0.266
0.87 0.144 0.007 0.217
0.929 0.428 0.047 0.369
0.03 0.14 0.399 0.222
0.746 0.098 0.728 0.19
0.505 0.25 0.095 0.995
0.278 0.475 0.564 0.354
0.051 0.306 0.449 0.123
0.665 0.299 0.012 0.445
0.768 0.107 0.75 0.242
0.242 0.569 0.449 0.62
0.411 0.252 0.261 0.609
0.499 0.932 0.419 0.271
0.074 0.343 0.066 0.687
0.965 0.79 0.208 0.29
0.677 0.083 0.053 0.228
0.414 0.219 0.985 0.937
0.147 0.462 0.524 0.239
0.593 0.933 0.946 0.589
0.195 0.597 0.766 0.017
0.3 0.438 0.656 0.349
0.955 0.51 0.608 0.427
0.775 0.893 0.874 0.711
0.679 0.313 0.348 0.938
0.285 0.487 0.176 0.176
0.281 0.12 0.281 0.858
0.523 0.57 0.733 0.633
0.241 0.563 0.784 0.752
0.321 0.407 0.664 0.731
0.273 0.337 0.788 0.865
0.292 0.75 0.804 0.402
0.714 0.152 0.32 0.145
0.56 0.077 0.938 0.479
0.208 0.888 0.629 0.841
0.074 0.611 0.912 0.725
0.675 0.876 0.989 0.172
0.623 0.214 0.512 0.329
0.056 0.51 0.293 0.744
0.866 0.238 0.376 0.522
0.832 0.148 0.872 0.333
0.871 0.307 0.279 0.908
0.398 0.443 0.012 0.753
0.188 0.046 0.646 0.883
0.394 0.328 0.895 0.398
0.402 0.027 0.38 0.296
0.141 0.178 0.178 0.439
0.736 0.856 0.21 0.992
0.754 0.963 0.509 0.397
0.224 0.093 0.609 0.889
0.518 0.467 0.334 0.515
0.751 0.514 0.591 0.569
0.758 0.742 0.691 0.502
0.003 0.13 0.52 0.797
0.177 0.363 0.279 0.85
0.685 0.165 0.539 0.144
0.787 0.019 0.271 0.487
0.303 0.879 0.85 0.315
0.185 0.067 0.567 0.989
0.689 0.55 0.76 0.552
0.862 0.301 0.832 0.99
0.359 0.82 0.374 0.736
0.509 0.004 0.162 0.407
0.903 0.567 0.07 0.732
0.041 0.496 0.442 0.341
0.454 0.165 0.068 0.755
0.845 0.087 0.691 0.624
0.091 0.878 0.329 0.293
0.261 0.424 0.128 0.627
0.686 0.306 0.035 0.682
0.318 0.431 0.042 0.057
0.373 0.294 0.538 0.571
0.253 0.546 0.213 0.6
0.58 0.2 0.424 0.691
0.414 0.474 0.681 0.532
0.259 0.267 0.709 0.849
0.252 0.961 0.649 0.463
0.992 0.894 0.162 0.897
0.858 0.408 0.289 0.176
0.681 0.801 0.503 0.847
0.09 0.632 0.289 0.872
0.039 0.044 0.329 0.702
0.52 0.337 0.948 0.601
0.323 0.79 0.351 0.772
0.978 0.6 0.58 0.969
0.982 0.362 0.979 0.428
0.382 0.244 0.141 0.917
0.482 0.16 0.598 0.573
0.631 0.088 0.767 0.09
0.226 0.678 0.899 0.1
0.188 0.749 0.249 0.146
0.815 0.668 0.964 0.436
0.632 0.598 0.096 0.234
0.326 0.432 0.563 0.758
0.41 0.045 0.429 0.599
0.71 0.736 0.265 0.016
0.503 0.34 0.281 0.88
0.686 0.843 0.057 0.798
0.28 0.864 0.778 0.387
0.611 0.601 0.057 0.984
0.169 0.022 0.684 0.395
0.791 0.247 0.419 0.938
0.375 0.583 0.452 0.262
0.699 0.326 0.824 0.642
0.326 0.919 0.299 0.409
0.632 0.69 0.882 0.206
0.074 0.367 0.869 0.778
0.284 0.746 0.689 0.504
0.273 0.433 0.629 0.146
0.662 0.081 0.477 0.698
0.605 0.343 0.754 0.727
0.575 0.288 0.568 0.444
0.05 0.202 0.465 0.804
0.068 0.854 0.004 0.969
0.364 0.349 0.016 0.392
0.737 0.683 0.77 0.719
0.331 0.226 0.59 0.999
0.733 0.143 0.906 0.874
0.838 0.637 0.349 0.231
0.804 0.726 0.027 0.481
0.705 0.119 0.63 0.96
0.253 0.63 0.513 0.078
0.85 0.418 0.454 0.134
0.165 0.588 0.906 0.855
0.37 0.336 0.101 0.352
0.614 0.091 0.249 0.902
0.167 0.515 0.599 0.828
0.585 0.392 0.318 0.212
0.298 0.394 0.942 0.082
0.079 0.523 0.637 0.868
0.446 0.222 0.68 0.29
0.752 0.775 0.621 0.97
0.352 0.208 0.852 0.044
0.806 0.066 0.736 0.622
0.725 0.641 0.328 0.873
0.214 0.174 0.754 0.304
0.194 0.945 0.544 0.629
0.851 0.352 0.235 0.683
0.73 0.702 0.803 0.65
0.401 0.46 0.621 0.738
0.591 0.546 0.656 0.386
0.421 0.977 0.193 0.607
0.752 0.636 0.762 0.486
0.078 0.595 0.854 0.847
0.666 0.355 0.468 0.445
0.397 0.221 0.498 0.217
0.392 0.525 0.799 0.942
0.129 0.604 0.542 0.517
0.777 0.717 0.134 0.194
0.645 0.781 0.515 0.934
0.754 0.263 0.823 0.551
0.981 0.163 0.537 0.522
0.618 0.308 0.814 0.902
0.274 0.236 0.827 0.726
0.691 0.388 0.839 0.056
0.921 0.697 0.943 0.437
0.874 0.968 0.719 0.58
0.683 0.741 0.28 0.326
0.453 0.841 0.412 0.914
0.914 0.712 0.388 0.22
0.352 0.537 0.801 0.823
0.066 0.528 0.709 0.028
0.429 0.133 0.843 0.064
0.898 0.284 0.313 0.488
0.28 0.602 0.033 0.686
0.997 0.115 0.374 0.444
0.101 0.163 0.867 0.826
0.188 0.09 0.568 0.717
0.729 0.029 0.138 0.428
0.92 0.604 0.485 0.304
0.288 0.832 0.392 0.905
0.441 0.987 0.441 0.243
0.321 0.95 0.724 0.586
0.535 0.944 0.215 0.19
0.748 0.207 0.658 0.516
0.444 0.214 0.135 0.411
0.191 0.811 0.922 0.208
0.903 0.133 0.809 0.721
0.887 0.452 0.915 0.787
0.687 0.739 0.913 0.561
0.242 0.96 0.892 0.61
0.217 0.477 0.13 0.168
0.922 0.458 0.889 0.053
0.044 0.275 0.791 0.501
0.797 0.727 0.687 0.595
0.208 0.457 0.053 0.638
0.153 0.901 0.315 0.375
0.078 0.738 0.863 0.383
0.732 0.048 0.681 0.318
0.891 0.131 0.814 0.44
0.882 0.945 0.622 0.298
0.224 0.255 0.361 0.428
0.728 0.663 0.766 0.697
0.736 0.779 0.335 0.243
0.754 0.718 0.523 0.317
0.959 0.147 0.185 0.266
0.877 0.973 0.856 0.48
0.022 0 0.204 0.72
0.676 0.263 0.589 0.857
0.791 0.944 0.749 0.052
0.792 0.47 0.189 0.492
0.26 0.403 0.361 0.104
0.158 0.267 0.873 0.024
0.231 0.782 0.974 0.416
0.916 0.409 0.669 0.304
0.848 0.565 0.14 0.164
0.955 0.486 0.157 0.644
0.842 0.292 0.627 0.976
0.14 0.089 0.954 0.272
0.685 0.361 0.956 0.674
0.981 0.353 0.236 0.745
0.345 0.074 0.676 0.517
0.564 0.27 0.815 0.136
0.373 0.171 0.888 0.479
0.906 0.258 0.233 0.783
0.241 0.004 0.579 0.825
0.629 0.934 0.721 0.881
0.068 0.418 0.535 0.847
0.281 0.109 0.483 0.717
0.536 0.088 0.58 0.223
0.373 0.282 0.904 0.597
0.642 0.007 0.633 0.378
0.798 0.912 0.111 0.029
0.407 0.214 0.279 0.106
0.226 0.499 0.698 0.496
0.377 0.028 0.889 0.583
0.407 0.334 0.19 0.684
0.533 0.696 0.438 0.54
0.82 0.532 0.065 0.552
0.123 0.802 0.572 0.317
0.234 0.82 0.35 0.344
0.949 0.138 0.938 0.339
0.769 0.969 0.291 0.672
0.179 0.124 0.82 0.886
0.768 0.078 0.766 0.795
0.767 0.946 0.374 0.488
0.359 0.158 0.093 0.027
0.301 0.88 0.643 0.5
0.973 0.602 0.676 0.07
0.57 0.41 0.859 0.565
0.735 0.437 0.549 0.739
0.21 0.292 0.507 0.292
0.095 0.636 0.744 0.356
0.033 0.49 0.736 0.095
0.018 0.393 0.492 0.103
0.718 0.514 0.989 0.502
0.292 0.785 0.677 0.513
0.34 0.507 0.525 0.278
0.305 0.718 0.25 0.819
0.434 0.813 0.648 0.76
0.245 0.379 0.025 0.522
0.047 0.843 0.565 0.85
0.002 0.839 0.029 0.164
0.277 0.71 0.334 0.057
0.978 0.19 0.519 0.408
0.005 0.95 0.702 0.326
0.107 0.252 0.626 0.701
0.348 0.549 0.411 0.439
0.458 0.203 0.878 0.04
0.314 0.19 0.47 0.27
0.949 0.989 0.587 0.91
0.639 0.829 0.659 0.761
0.175 0.796 0.057 0.728
0.997 0.87 0.224 0.039
0.479 0.618 0.806 0.693
0.204 0.619 0.222 0.09
0.505 0.067 0.98 0.326
0.205 0.104 0.136 0.776
0.323 0.501 0.149 0.019
0.638 0.569 0.604 0.129
0.302 0.177 0.126 0.318
0.181 0.804 0.972 0.657
0.212 0.051 0.79 0.385
0.438 0.68 0.541 0.083
0.861 0.337 0.336 0.828
0.899 0.095 0.55 0.725
0.066 0.69 0.104 0.076
0.21 0.131 0.735 0.74
0.75 0.142 0.78 0.655
0.694 0.496 0.279 0.62
0.736 0.915 0.85 0.932
0.836 0.875 0.007 0.69
0.672 0.026 0.264 0.405
0.296 0.77 0.398 0.865
0.461 0.39 0.509 0.428
0.8 0.356 0.666 0.211
0.667 0.172 0.7 0.871
0.264 0.499 0.157 0.481
0.616 0.054 0.647 0.035
0.982 0.796 0.055 0.731
0.827 0.161 0.969 0.61
0.713 0.421 0.787 0.614
0.042 0.51 0.627 0.499
0.055 0.598 0.149 0.95
0.357 0.624 0.826 0.045
0.804 0.342 0.495 0.142
0.966 0.749 0.758 0.722
0.82 0.292 0.516 0.61
0.303 0.048 0.186 0.961
0.306 0.007 0.906 0.915
0.403 0.273 0.606 0.07
0.424 0.655 0.842 0.08
0.921 0.141 0.263 0.625
0.948 0.311 0.703 0.544
0.779 0.694 0.6 0.717
0.259 0.273 0.056 0.148
0.944 0.274 0.216 0.921
0.971 0.098 0.27 0.304
0.908 0.703 0.55 0.208
0.358 0.14 0.804 0.708
0.514 0.787 0.415 0.981
0.964 0.382 0.509 0.694
0.613 0.572 0.232 0.327
0.001 0.346 0.615 0.897
0.984 0.506 0.333 0.122
0.113 0.592 0.001 0.461
0.737 0.801 0.883 0.753
0.157 0.792 0.331 0.436
0.091 0.672 0.122 0.22
0.776 0.636 0.449 0.244
0.276 0.429 0.501 0.3
0.457 0.117 0.189 0.575
0.615 0.875 0.856 0.386
0.001 0.934 0.761 0.415
0.46 0.52 0.466 0.503
0.427 0.073 0.414 0.009
0.496 0.257 0.153 0.583
0.697 0.446 0.716 0.453
0.359 0.98 0.748 0.557
0.082 0.683 0.87 0.786
0.223 0.479 0.312 0.859
0.292 0.337 0.87 0.115
0.873 0.702 0.583 0.37
0.345 0.14 0.022 0.733
0.321 0.494 0.899 0.696
0.139 0.813 0.829 0.429
0.457 0.188 0.433 0.699
0.712 0.731 0.518 0.244
0.503 0.859 0.132 0.713
0.474 0.07 0.954 0.789
0.528 0.284 0.248 0.044
0.85 0.133 0.042 0.012
0.824 0.406 0.345 0.073
0.856 0.775 0.172 0.87
0.184 0.989 0.945 0.989
0.022 0.077 0.297 0.762
0.777 0.76 0.748 0.868
0.855 0.526 0.269 0.541
0.466 0.893 0.648 0.261
0.153 0.105 0.989 0.5
0.767 0.534 0.966 0.501
0.033 0.098 0.22 0.683
0.787 0.275 0.009 0.02
0.689 0.762 0.944 0.641
0.065 0.358 0.849 0.791
0.45 0.471 0.206 0.691
0.412 0.388 0.883 0.067
0.43 0.88 0.935 0.65
0.814 0.462 0.489 0.799
0.247 0.507 0.334 0.711
0.296 0.526 0.241 0.62
0.325 0.179 0.151 0.823
0.097 0.541 0.229 0.217
0.655 0.138 0.1 0.211
0.081 0.726 0.738 0.069
0.729 0.923 0.471 0.229
0.276 0.288 0.097 0.34
0.677 0.086 0.831 0.335
0.739 0.409 0.155 0.91
0.182 0.72 0.347 0.342
0.182 0.417 0.324 0.172
0.194 0.897 0.556 0.379
0.289 0.201 0.567 0.37
0.613 0.049 0.529 0.141
0.904 0.363 0.399 0.696
0.256 0.733 0.776 0.261
0.583 0.627 0.067 0.73
0.2 0.466 0.072 0.826
0.671 0.61 0.678 0.902
0.066 0.447 0.771 0.651
0.039 0.002 0.919 0.001
0.765 0.169 0.985 0.957
0.133 0.561 0.497 0.838
0.232 0.217 0.709 0.02
0.666 0.335 0.003 0.509
0.879 0.649 0.398 0.249
0.76 0.104 0.773 0.187
0.005 0.243 0.013 0.704
0.287 0.978 0.515 0.685
0.988 0.864 0.083 0.97
0.413 0.215 0.679 0.896
0.651 0.937 0.237 0.913
0.536 0.484 0.421 0.059
0.749 0.005 0.055 0.287
0.144 0.354 0.585 0.485
0.304 0.927 0.228 0.979
0.388 0.495 0.738 0.604
0.208 0.475 0.999 0.176
0.979 0.21 0.365 0.481
0.012 0.563 0.588 0.135
0.461 0.578 0.69 0.061
0.783 0.62 0.323 0.78
0.889 0.798 0.998 0.515
0.814 0.702 0.296 0.891
0.312 0.741 0.163 0.671
0.122 0.564 0.732 0.887
0.393 0.703 0.155 0.064
0.827 0.528 0.214 0.265
0.349 0.775 0.127 0.248
0.682 0.586 0.019 0.777
0.664 0.273 0.721 0.443
0.004 0.447 0.181 0.75
0.653 0.934 0.072 0.303
0.657 0.188 0.122 0.434
0.091 0.668 0.152 0.926
0.536 0.612 0.652 0.052
0.161 0.563 0.544 0.751
0.83 0.744 0.981 0.436
0.944 0.659 0.372 0.257
0.862 0.624 0.239 0.09
0.093 0.606 0.625 0.758
0.909 0.828 0.388 0.088
0.475 0.515 0.662 0.168
0.54 0.835 0.366 0.064
0.303 0.102 0.453 0.869
0.426 0.721 0.755 0.397
0.529 0.724 0.922 0.002
0.461 0.059 0.98 1
0.405 0.572 0.872 0.337
0.523 0.674 0.635 0.949
0.198 0.438 0.699 0.44
0.956 0.503 0.292 0.273
0.548 0.537 0.942 0.355
0.079 0.37 0.895 0.768
0.256 0.134 0.044 0.769
0.687 0.845 0.322 0.087
0.812 0.433 0.511 0.849
0.809 0.118 0.435 0.075
0.132 0.314 0.538 0.566
0.327 0.106 0.058 0.325
0.485 0.208 0.774 0.929
0.715 0.194 0.221 0.713
0.986 0.462 0.066 0.547
0.301 0.81 0.386 0.962
0.901 0.027 0.989 0.346
0.213 0.088 0.183 0.776
0.124 0.665 0.672 0.321
0.404 0.005 0.041 0.739
0.893 0.532 0.915 0.668
0.887 0.05 0.824 0.829
0.108 0.905 0.843 0.894
0.912 0.651 0.708 0.197
0.554 0.586 0.687 0.29
0.648 0.294 0.835 0.021
0.235 0.806 0.63 0.388
0.272 0.915 0.546 0.968
0.859 0.151 0.798 0.56
0.436 0.467 0.652 0.373
0.214 0.171 0.437 0.514
0.063 0.703 0.166 0.678
0.548 0.232 0.826 0.898
0.919 0.64 0.474 0.938
0.105 0.022 0.267 0.952
0.466 0.479 0.593 0.049
0.604 0.064 0.215 0.256
0.322 0.379 0.908 0.243
0.817 0.326 0.379 0.002
0.82 0.591 0.861 0.676
0.461 0.248 0.196 0.742
0.108 0.064 0.086 0.045
0.926 0.476 0.7 0.475
0.475 0.111 0.606 0.453
0.91 0.898 0.29 0.241
0.965 0.646 0.245 0.208
0.198 0.488 0.98 0.326
0.06 0.903 0.839 0.644
0.6 0.7 0.206 0.584
0.379 0.336 0.923 0.594
0.581 0.966 0.696 0.437
0.261 0.951 0.28 0.64
0.226 0.473 0.04 0.596
0.51 0.561 0.394 0.489
0.57 0.015 0.609 0.519
0.981 0.913 0.058 0.79
0.862 0.871 0.662 0.115
0.62 0.816 0.418 0.52
0.671 0.123 0.611 0.341
0.855 0.921 0.081 0.513
0.512 0.021 0.656 0.156
0.168 0.208 0.357 0.913
0.737 0.165 0.252 0.577
0.784 0.483 0.066 0.681
0.457 0.858 0.19 0.937
0.114 0.066 0.536 0.277
0.521 0.069 0.231 0.27
0.007 0.298 0.252 0.532
0.043 0.774 0.925 0.623
0.966 0.918 0.057 0.203
0.214 0.515 0.817 0.383
0.608 0.881 0.786 0.285
0.097 0.6 0.133 0.082
0.85 0.921 0.779 0.241
0.108 0.373 0.542 0.514
0.797 0.611 0.635 0.282
0.646 0.962 0.537 0.34
0.352 0.941 0.147 0.155
0.244 0.581 0.225 0.009
0.177 0.13 0.061 0.974
0.722 0.035 0.287 0.853
0.196 0.037 0.515 0.816
0.516 0.628 0.2 0.158
0.915 0.894 0.484 0.086
0.856 0.483 0.634 0.2
0.674 0.675 0.398 0.94
0.82 0.259 0.246 0.075
0.845 0.879 0.218 0.284
0.16 0.364 0.303 0.85
0.828 0.213 0.271 0.801
0.636 0.14 0.828 0.906
0.471 0.258 0.935 0.721
0.474 0.548 0.565 0.464
0.299 0.593 0.115 0.925
0.89 0.705 0.061 0.084
0.9 0.172 0.19 0.515
0.083 0.408 0.893 0.751
0.511 0.571 0.333 0.122
0.56 0.156 0.248 0.087
0.221 0.683 0.038 0.127
0.99 0.746 0.842 0.578
0.049 0.745 0.967 0.436
0.082 0.226 0.217 0.83
0.261 0.405 0.526 0.733
0.359 0.363 0.14 0.174
0.563 0.191 0.474 0.204
0.594 0.263 0 0.503
0.064 0.678 0.856 0.307
0.538 0.892 0.505 0.225
0.012 0.967 0.026 0.035
0.449 0.212 0.152 0.835
0.442 0.631 0.211 0.088
0.928 0.196 0.272 0.597
0.839 0.3 0.526 0.1
0.954 0.174 0.252 0.158
0.828 0.789 0.856 0.126
0.137 0.612 0.747 0.504
0.873 0.085 0.585 0.397
0.584 0.011 0.192 0.522
0.422 0.814 0.908 0.313
0.871 0.171 0.748 0.18
0.932 0.623 0.974 0.165
0.921 0.829 0.892 0.174
0.988 0.897 0.802 0.92
0.997 0.062 0.094 0.798
0.717 0.656 0.84 0.428
0.693 0.619 0.565 0.886
0.573 0.556 0.718 0.965
0.531 0.593 0.799 0.743
0.392 0.055 0.646 0.229
0.445 0.923 0.064 0.762
0.575 0.34 0.136 0.531
0.018 0.196 0.734 0.32
0.148 0.802 0.082 0.695
0.911 0.296 0.288 0.756
0.953 0.646 0.065 0.973
0.174 0.613 0.017 0.978
0.503 0.975 0.824 0.05
0.557 0.432 0.166 0.302
0.103 0.297 0.617 0.909
0.552 0.64 0.698 0.341
0.596 0.92 0.837 0.74
0.87 0.394 0.592 0.174
0.482 0.461 0.827 0.663
0.898 0.975 0.248 0.344
0.569 0.819 0.063 0.252
0.427 0.573 0.184 0.711
0.612 0.398 0.205 0.364
0.455 0.376 0.964 0.968
0.369 0.901 0.876 0.324
0.335 0.498 0.32 0.573
0.289 0.07 0.844 0.304
0.787 0.238 0.912 0.06
0.259 0.356 0.16 0.175
0.944 0.399 0.447 0.569
0.985 0.601 0.612 0.432
0.354 0.744 0.759 0.666
0.597 0.903 0.302 0.675
0.376 0.784 0.463 0.225
0.731 0.929 0.544 0.087
0.743 0.197 0.763 0.32
0.714 0.498 0.329 0.795
0.396 0.436 0.772 0.205
0.498 0.673 0.961 0.458
0.81 0.673 0.323 0.809
0.785 0.23 0.017 0.748
0.886 0.623 0.321 0.65
0.706 0.451 0.049 0.686
0.22 0.763 0.352 0.179
0.978 0.981 0.659 0.931
0.11 0.077 0.993 0.001
0.668 0.481 0.7 0.231
0.554 0.181 0.115 0.62
0.614 0.646 0.059 0.454
0.006 0.478 0.831 0.713
0.324 0.6 0.99 0.369
0.573 0.641 0.846 0.491
0.062 0.415 0.036 0.262
0.134 0.124 0.971 0.983
0.713 0.672 0.903 0.976
0.367 0.637 0.985 0.38
0.619 0.437 0.813 0.817
0.688 0.544 0.495 0.003
0.346 0.523 0.265 0.067
0.03 0.063 0.173 0.204
0.283 0.184 0.945 0.81
0.592 0.903 0.373 0.633
0.597 0.125 0.788 0.17
0.344 0.858 0.004 0.089
0.582 0.513 0.847 0.377
0.906 0.561 0.538 0.509
0.432 0.335 0.368 0.3
0.964 0.579 0.707 0.214
0.337 0.724 0.498 0.613
0.216 0.377 0.19 0.133
0.005 0.158 0.887 0.317
0.208 0.746 0.643 0.504
0.486 0.165 0.119 0.812
0.305 0.537 0.158 0.072
0.338 0.631 0.587 0.345
0.259 0.393 0.131 0.168
0.814 0.849 0.437 0.354
0.189 0.231 0.11 0.428
0.469 0.098 0.281 0.367
0.563 0.64 0.009 0.158
0.233 0.348 0.742 0.992
0.747 0.796 0.846 0.726
0.142 0.727 0.824 0.427
0.496 0.996 0.771 0.206
0.075 0.905 0.078 0.819
0.166 0.522 0.326 0.042
0.817 0.056 0.945 0.131
0.016 0.848 0.935 0.931
0.637 0.654 0.043 0.784
0.922 0.033 0.228 0.85
0.499 0.886 0.004 0.338
0.504 0.378 0.821 0.163
0.901 0.842 0.471 0.254
0.91 0.733 0.823 0.788
0.609 0.224 0.134 0.461
0.697 0.394 0.016 0.391
0.263 0.38 0.602 0.921
0.454 0.44 0.904 0.111
0.12 0.395 0.959 0.587
0.892 0.26 0.734 0.628
0.236 0.677 0.804 0.841
0.322 0.749 0.934 0.713
0.1 0.485 0.014 0.227
0.699 0.445 0.502 0.79
0.697 0.166 0.722 0.093
0.279 0.115 0.436 0.628
0.975 0.687 0.439 0.635
0.693 0.914 0.845 0.711
0.299 0.578 0.676 0.665
0.96 0.039 0.01 0.985
0.584 0.509 0.536 0.702
0.686 0.318 0.898 0.899
0.144 0.778 0.531 0.401
0.392 0.02 0.197 0.274
0.722 0.694 0.922 0.964
0.937 0.944 0.626 0.707
0.375 0.11 0.342 0.428
0.148 0.57 0.643 0.452
0.529 0.985 0.039 0.191
0.762 0.04 0.064 0.813
0.385 0.944 0.219 0.436
0.794 0.022 0.224 0.466
0.584 0.729 0.893 0.339
0.962 0.382 0.515 0.149
0.229 0.121 0.012 0.152
0.829 0.253 0.812 0.119
0.229 0.579 0.006 0.832
0.377 0.484 0.122 0.938
0.073 0.722 0.385 0.637
0.45 0.855 0.876 0.705
0.644 0.96 0.617 0.862
0.271 0.879 0.803 0.371
0.13 0.523 0.806 0.098
0.869 0.548 0.488 0.369
0.39 0.144 0.754 0.959
0.261 0.899 0.621 0.419
0.449 0.691 0.552 0.562
0.686 0.026 0.017 0.939
0.04 0.666 0.246 0.132
0.492 0.951 0.787 0.481
0.67 0.685 0.255 0.037
0.642 0.426 0.848 0.531
0.15 0.61 0.227 0.989
0.122 0.917 0.79 0.688
0.972 0.571 0.035 0.055
0.885 0.678 0.561 0.887
0.504 0.172 0.665 0.584
0.212 0.936 0.927 0.167
0.957 0.329 0.528 0.977
0.14 0.97 0.508 0.843
0.92 0.974 0.595 0.271
0.58 0.181 0.346 0.829
0.59 0.983 0.731 0.857
0.935 0.298 0.269 0.041
0.596 0.28 0.36 0.255
0.561 0.68 0.805 0.797
0.784 0.75 0.763 0.732
0.29 0.949 0.926 0.7
0.173 0.427 0.676 0.892
0.171 0.883 0.551 0.026
0.171 0.899 0.118 0.056
0.048 0.114 0.248 0.912
0.602 0.17 0.332 0.881
0.493 0.454 0.908 0.309
0.554 0.454 0.631 0.06
0.468 0.96 0.072 0.375
0.22 0.921 0.559 0.305
0.701 0.721 0.498 0.46
0.871 0.908 0.087 0.072
0.56 0.946 0.119 0.678
0.766 0.512 0.856 0.434
0.122 0.79 1 0.93
0.351 0.576 0.319 0.773
0.841 0.432 0.925 0.891
0.445 0.589 0.321 0.635
0.516 0.17 0.041 0.995
0.321 0.46 0.888 0.477
0.662 0.769 0.042 0.379
0.341 0.85 0.73 0.651
0.506 0.316 0.472 0.866
0.516 0.319 0.074 0.779
0.746 0.676 0.79 0.643
0.305 0.58 0.225 0.277
0.438 0.348 0.511 0.089
0.049 0.267 0.483 0.029
0.904 0.517 0.603 0.717
0.841 0.911 0.775 0.371
0.256 0.999 0.021 0.794
0.266 0.5 0.142 0.151
0.472 0.625 0.561 0.505
0.055 0.76 0.463 0.827
0.967 0.102 0.642 0.822
0.571 0.68 0.448 0.869
0.836 0.271 0.395 0.944
0.895 0.542 0.894 0.587
0.622 0.675 0.299 0.331
0.851 0.032 0.166 0.711
0.245 0.089 0.404 0.703
0.902 0.197 0.797 0.636
0.007 0.846 0.929 0.977
0.102 0.745 0.163 0.414
0.366 0.202 0.776 0.602
0.91 0.176 0.241 0.634
0.93 0.034 0.55 0.852
0.239 0.715 0.111 0.213
0.187 0.783 0.99 0.847
0.985 0.818 0.684 0.121
0.724 0.494 0.268 0.904
0.676 0.849 0.968 0.57
0.311 0.567 0.873 0.601
0.231 0.235 0.663 0.257
0.457 0.91 0.267 0.864
0.094 0.721 0.249 0.094
0.917 0.039 0.224 0.113
0.098 0.429 0.609 0.934
0.395 0.216 0.693 0.262
0.973 0.929 0.644 0.809
0.285 0.588 0.705 0.513
0.735 0.944 0.653 0.513
0.326 0.658 0.972 0.626
0.225 0.576 0.206 0.865
0.211 0.261 0.542 0.247
0.803 0.331 0.826 0.281
0.909 0.976 0.069 0.99
0.593 0.564 0.034 0.182
0.752 0.868 0.902 0.237
0.956 0.128 0.721 0.102
0.795 0.935 0.703 0.187
0.415 0.703 0.563 0.742
0.1 0.172 0.052 0.541
0.67 0.89 0.193 0.615
0.018 0.769 0.367 0.547
0.681 0.037 0.967 0.829
0.103 0.238 0.244 0.797
0.809 0.291 0.267 0.477
0.455 0.705 0.594 0.789
0.711 0.654 0.782 0.773
0.846 0.072 0.155 0.595
0.453 0.338 0.334 0.931
0.783 0.464 0.404 0.723
0.643 0.215 0.844 0.218
0.684 0.636 0.889 0.021
0.455 0.091 0.552 0.747
0.133 0.944 0.753 0.433
0.481 0.088 0.316 0.756
0.406 0.735 0.877 0.176
0.338 0.728 0.64 0.901
0.195 0.357 0.587 0.491
0.731 0.764 0.25 0.857
0.072 0.845 0.238 0.25
0.506 0.366 0.739 0.506
0.676 0.214 0.789 0.07
0.456 0.13 0.471 0.931
0.144 0.932 0.557 0.918
0.463 0.345 0.036 0.563
0.019 0.314 0.081 0.432
0.797 0.307 0.486 0.922
0.989 0.626 0.051 0.999
0.165 0.83 0.925 0.378
0.252 0.07 0.055 0.119
0.546 0.974 0.108 0.95
0.759 0.3 0.191 0.576
0.894 0.324 0.878 0.005
0.974 0.837 0.664 0.318
0.07 0.487 0.726 0.904
0.177 0.056 0.468 0.15
0.525 0.013 0.745 0.985
0.162 0.116 0.048 0.63
0.966 0.165 0.39 0.324
0.935 0.732 0.823 0.663
0.506 0.842 0.49 0.644
0.929 0.82 0.826 0.129
0.111 0.162 0.548 0.759
0.043 0.416 0.872 0.416
0.881 0.608 0.807 0.155
0.805 0.338 0.324 0.366
0.16 0.507 0.622 0.266
0.067 0.315 0.012 0.73
0.346 0.839 0.228 0.808
0.834 0.678 0.612 0.591
0.344 0.963 0.753 0.763
0.271 0.745 0.684 0.863
0.219 0.665 0.596 0.717
0.125 0.658 0.845 0.622
0.655 0.1 0.541 0.873
0.536 0.389 0.406 0.75
0.291 0.343 0.414 0.488
0.442 0.208 0.138 0.719
0.677 0.352 0.125 0.705
0.93 0.28 0.032 0.53
0.044 0.848 0.85 0.307
0.522 0.885 0.702 0.63
0.362 0.281 0.911 0.074
0.746 0.854 0.283 0.538
0.121 0.047 0.01 0.004
0.48 0.842 0.278 0.666
0.329 0.809 0.724 0.396
0.491 0.782 0.087 0.902
0.462 0.078 0.328 0.393
0.262 0.6 0.372 0.488
0.222 0.949 0.169 0.94
0.511 0.772 0.808 0.031
0.762 0.179 0.006 0.548
0.973 0.234 0.964 0.955
0.633 0.073 0.324 0.836
0.186 0.1 0.102 0.48
0.825 0.878 0.32 0.167
0.568 0.476 0.25 0.075
0.774 0.399 0.635 0.051
0.551 0.608 0.436 0.014
0.693 0.765 0.648 0.8
0.932 0.993 0.945 0.9
0.437 0.567 0.694 0.385
0.539 0.612 0.483 0.119
0.377 0.08 0.231 0.246
0.787 0.518 0.954 0.485
0.643 0.824 0.693 0.851
0.581 0.254 0.378 0.471
0.513 0.344 0.627 0.349
0.165 0.169 0.2 0.863
0.204 0.842 0.657 0.931
0.412 0.831 0.575 0.794
0.532 0.464 0.155 0.426
0.074 0.706 0.158 0.226
0.664 0.155 0.345 0.771
0.214 0.834 0.35 0.82
0.61 0.65 0.576 0.786
0.233 0.35 0.086 0.082
0.814 0.934 0.02 0.087
0.29 0.32 0.317 0.122
0.837 0.749 0.229 0.944
0.085 0.91 0.347 0.695
0.556 0.181 0.276 0.398
0.943 0.647 0.997 0.46
0.935 0.462 0.345 0.513
0.158 0.691 0.967 0.707
0.922 0.275 0.571 0.988
0.452 0.19 0.664 0.181
0.221 0.511 0.053 0.478
0.856 0.342 0.768 0.499
0.95 0.999 0.407 0.175
0.862 0.094 0.3 0.522
0.922 0.5 0.178 0.424
0.897 0.343 0.37 0.102
0.278 0.092 0.728 0.825
0.776 0.444 0.192 0.293
0.608 0.666 0.896 0.112
0.313 0.601 0.828 0.634
0.474 0.444 0.525 0.151
0.568 0.652 0.407 0.498
0.385 0.446 0.225 0.623
0.968 0.442 0.151 0.366
0.239 0.704 0.854 0.191
0.503 0.514 0.54 0.762
0.616 0.835 0.624 0.036
0.357 0.045 0.365 0.215
0.423 0.39 0.5 0.923
0.309 0.618 0.487 0.611
0.708 0.028 0.315 0.614
0.864 0.35 0.112 0.53
0.713 0.905 0.87 0.559
0.815 0.243 0.132 0.747
0.29 0.176 0.877 0.431
0.373 0.061 0.729 0.41
0.373 0.128 0.946 0.736
0.451 0.803 0.771 0.928
0.579 0.568 0.209 0.598
0.434 0.629 0.78 0.067
0.956 0.322 0.429 0.419
0.599 0.899 0.889 0.642
0.933 0.303 0.516 0.074
0.469 0.979 0.331 0.121
0.85 0.551 0.947 0.169
0.614 0.114 0.459 0.988
0.91 0.089 0.943 0.963
0.471 0.312 0.528 0.514
0.985 0.814 0.507 0.234
0.969 0.69 0.038 0.603
0.987 0.278 0.779 0.087
0.608 0.319 0.092 0.565
0.604 0.314 0.451 0.508
0.043 0.613 0.827 0.375
0.316 0.557 0.578 0.797
0.531 0.381 0.683 0.929
0.553 0.07 0.182 0.482
0.193 0.401 0.504 0.846
0.412 0.675 0.383 0.928
0.382 0.392 0.763 0.504
0.35 0.488 0.568 0.991
0.771 0.663 0.141 0.481
0.533 0.849 0.875 0.439
0.854 0.651 0.012 0.185
0.381 0.246 0.639 0.214
0.814 0.181 0.769 0.339
0.395 0.718 0.746 0.475
0.696 0.365 0.249 0.985
0.217 0.306 0.93 0.193
0.029 0.161 0.701 0.854
0.98 0.439 0.211 0.233
0.681 0.254 0.432 0.479
0.258 0.55 0.602 0.391
0.255 0.999 0.794 0.776
0.466 0.72 0.297 0.373
0.932 0.55 0.366 0.234
0.428 0.686 0.395 0.714
0.916 0.996 0.846 0.032
0.615 0.009 0.245 0.567
0.022 0.682 0.871 0.34
0.294 0.714 0.955 0.664
0.957 0.339 0.25 0.271
0.165 0.462 0.445 0.044
0.797 0.782 0.187 0.463
0.102 0.629 0.925 0.095
0.775 0.513 0.971 0.095
0.407 0.421 0.671 0.408
0.456 0.7 0.852 0.791
0.676 0.349 0.105 0.295
0.046 0.971 0.81 0.224
0.087 0.967 0.212 0.616
0.292 0.306 0.252 0.962
0.051 0.893 0.087 0.533
0.538 0.094 0.772 0.29
0.234 0.937 0.092 0.03
0.418 0.666 0.5 0.256
0.169 0.136 0.182 0.807
0.878 0.64 0.852 0.837
0.419 0.167 0.799 0.59
0.418 0.886 0.152 0.153
0.59 0.589 0.599 0.212
0.897 0.742 0.125 0.328
0.129 0.786 0.153 0.438
0.106 0.679 0.599 0.273
0.894 0.008 0.616 0.369
0.005 0.719 0.865 0.236
0.272 0.469 0.991 0.369
0.654 0.548 0.439 0.316
0.626 0.34 0.041 0.394
0.657 0.309 0.925 0.47
0.208 0.093 0.932 0.47
0.454 0.5 0.92 0.455
0.009 0.729 0.917 0.603
0.35 0.831 0.238 0.029
0.511 0.241 0.791 0.27
0.353 0.755 0.437 0.78
0.358 0.962 0.735 0.504
0.143 0.679 0.879 0.629
0.133 0.516 0.359 0.91
0.057 0.371 0.081 0.493
0.861 0.138 0.382 0.833
0.476 0.316 0.513 0.441
0.837 0.752 0.543 0.319
0.553 0.174 0.904 0.991
0.505 0.845 0.8 0.503
0.156 0.686 0.085 0.501
0.015 0.7 0.827 0.999
0.631 0.573 0.561 0.966
0.773 0.327 0.45 0.98
0.533 0.432 0.847 0.921
0.982 0.978 0.805 0.571
0.402 0.918 0.046 0.791
0.501 0.6 0.314 0.047
0.951 0.136 0.796 0.396
0.592 0.418 0.897 0.56
0.577 0.186 0.649 0.285
0.873 0.993 0.657 0.682
0.781 0.875 0.898 0.19
0.237 0.388 0.474 0.456
0.36 0.342 0.305 0.389
0.253 0.973 0.905 0.443
0.59 0.701 0.941 0.555
0.866 0.457 0.941 0.339
0.542 0.492 0.637 0.178
0.666 0.54 0.098 0.312
0.301 0.401 0.332 0.672
0.243 0.219 0.421 0.95
0.796 0.436 0.505 0.776
0.386 0.262 0.461 0.087
0.589 0.772 0.154 0.57
0.773 0.831 0.658 0.122
0.432 0.624 0.343 0.209
0.157 0.548 0.71 0.527
0.17 0.35 0.127 0.467
0.751 0.397 0.407 0.267
0.362 0.485 0.663 0.113
0.502 0.077 0.068 0.112
0.616 0.828 0.184 0.623
0.505 0.061 0.364 0.885
0.182 0.811 0.642 0.012
0.005 0.295 0.15 0.087
0.117 0.389 0.596 0.718
0.879 0.173 0.855 0.918
0.036 0.355 0.103 0.299
0.42 0.108 0.394 0.74
0.679 0.355 0.467 0.209
0.602 0.662 0.775 0.341
0.01 0.35 0.833 0.303
0.598 0.246 0.891 0.953
0.062 0.767 0.769 0.386
0.299 0.906 0.249 0.863
0.047 0.172 0.11 0.365
0.186 0.896 0.248 0.482
0.034 0.018 0.949 0.236
0.55 0.135 0.527 0.971
0.831 0.236 0.756 0.272
0.749 0.577 0.535 0.191
0.524 0.498 0.234 0.748
0.483 0.953 0.258 0.844
0.662 0.194 0.605 0.086
0.116 0.991 0.405 0.947
0.848 0.752 0.81 0.499
0.74 0.47 0.025 0.806
0.351 0.117 0.54 0.994
0.464 0.972 0.053 0.927
0.222 0.604 0.37 0.381
0.905 0.759 0.065 0.926
0.128 0.798 0.283 0.964
0.222 0.89 0.43 0.832
0.105 0.751 0.229 0.531
0.086 0.389 0.607 0.054
0.713 0.782 0.188 0.245
0.323 0.026 0.358 0.518
0.596 0.928 0.174 0.305
0.034 0.545 0.456 0.07
0.83 0.951 0.822 0.409
0.726 0.832 0.638 0.664
0.021 0.859 0.571 0.081
0.972 0.051 0.853 0.503
0.016 0.069 0.759 0.934
0.668 0.728 0.696 0.823
0.675 0.463 0.55 0.479
0.406 0.891 0.169 0.825
0.399 0.976 0.738 0.889
0.688 0.63 0.536 0.568
0.056 0.285 0.459 0.211
0.833 0.348 0.041 0.55
0.349 0.27 0.94 0.834
0.648 0.79 0.628 0.507
0.939 0.058 0.657 0.096
0.334 0.647 0.095 0.932
0.855 0.322 0.934 0.012
0.746 0.887 0.432 0.056
0.657 0.599 0.572 0.324
0.992 0.279 0.581 0.834
0.162 0.365 0.698 0.213
0.787 0.019 0.126 0.375
0.797 0.898 0.389 0.07
0.191 0.065 0.141 0.437
0.974 0.612 0.985 0.238
0.725 0.203 0.276 0.978
0.761 0.405 0.238 0.67
0.16 0.657 0.158 0.238
0.875 0.332 0.967 0.17
0.982 0.445 0.177 0.385
0.622 0.062 0.53 0.31
0.19 0.831 0.22 0.819
0.169 0.759 0.672 0.1
0.996 0.803 0.46 0.675
0.354 0.1 0.338 0.945
0.02 0.256 0.257 0.508
0.159 0.267 0.246 0.043
0.708 0.462 0.885 0.528
0.244 0.61 0.063 0.188
0.126 0.143 0.541 0.202
0.885 0.12 0.802 0.46
0.145 0.24 0.098 0.827
0.64 0.368 0.912 0.147
0.963 0.353 0.505 0.153
0.08 0.043 0.716 0.863
0.777 0.939 0.371 0.577
0.265 0.122 0.206 0.615
0.737 0.099 0.468 0.443
0.727 0.847 0.245 0.913
0.926 0.048 0.059 0.784
0.855 0.499 0.259 0.743
0.768 0.564 0.51 0.047
0.508 0.851 0.672 0.682
0.779 0.182 0.804 0.508
0.372 0.488 0.741 0.944
0.339 0.012 0.024 0.148
0.707 0.472 0.124 0.413
0.783 0.01 0.641 0.606
0.136 0.023 0.238 0.703
0.859 0.063 0.18 0.327
0.337 0.12 0.042 0.323
0.668 0.864 0.763 0.434
0.422 0.497 0.152 0.906
0.227 0.665 0.286 0.416
0.928 0.061 0.603 0.698
0.138 0.165 0.203 0.074
0.74 0.357 0.687 0.684
0.683 0.912 0.802 0.041
0.896 0.926 0.639 0.657
0.483 0.932 0.886 0.508
0.721 0.156 0.929 0.396
0.535 0.527 0.442 0.66
0.063 0.296 0.201 0.012
0.398 0.617 0.858 0.634
0.586 0.197 0.522 0.646
0.5 0.101 0.198 0.907
0.21 0.07 0.674 0.668
0.098 0.69 0.429 0.129
0.767 0.916 0.969 0.182
0.039 0.615 0.845 0.479
0.114 0.667 0.107 0.895
0.006 0.245 0.789 0.071
0.564 0.229 0.979 0.919
0.377 0.926 0.979 0.475
0.653 0.901 0.495 0.706
0.635 0.663 0.098 0.284
0.496 0.973 0.982 0.017
0.727 0.744 0.978 0.139
0.279 0.738 0.334 0.735
0.1 0.698 0.009 0.036
0.578 0.923 0.682 0.631
0.98 0.434 0.976 0.916
0.264 0.589 0.06 0.195
0.966 0.785 0.436 0.052
0.927 0.001 0.408 0.467
0.569 0.286 0.656 0.552
0.826 0.491 0.902 0.628
0.139 0.609 0.912 0.235
0.769 0.078 0.239 0.359
0.395 0.46 0.769 0.879
0.249 0.658 0.018 0.392
0.073 0.849 0.419 0.245
0.122 0.399 0.979 0.198
0.324 0.021 0.974 0.335
0.361 0.856 0.407 0.333
0.496 0.978 0.94 0.266
0.899 0.285 0.686 0.522
0.449 0.717 0.844 0.793
0.257 0.218 0.796 0.4
0.988 0.26 0.013 0.284
0.91 0.483 0.446 0.953
0.301 0.636 0.078 0.736
0.274 0.94 0.765 0.082
0.796 0.258 0.304 0.44
0.341 0.041 0.489 0.023
0.505 0.321 0.378 0.158
0.032 0.553 0.068 0.47
0.359 0.377 0.668 0.427
0.897 0.673 0.282 0.145
0.748 0.653 0.338 0.227
0.402 0.284 0.52 0.952
0.967 0.617 0.369 0.904
0.095 0.858 0.497 0.898
0.628 0.325 0.161 0.871
0.955 0.486 0.918 0.722
0.195 0.656 0.431 0.287
0.536 0.516 0.74 0.151
0.666 0.65 0.275 0.233
0.72 0.408 0.236 0.443
0.073 0.941 0.781 0.036
0.897 0.938 0.951 0.405
0.836 0.812 0.322 0.676
0.514 0.212 0.576 0.186
0.783 0.208 0.219 0.413
0.911 0.717 0.916 0.525
0.385 0.834 0.868 0.451
0.9 0.681 0.297 0.135
0.745 0.296 0.697 0.807
0.297 0.673 0.245 0.273
0.908 0.373 0.216 0.583
0.851 0.021 0.892 0.617
0.924 0.228 0.202 0.356
0.957 0.297 0.568 0.022
0.012 0.585 0.278 0.507
0.723 0.996 0.487 0.938
0.594 0.382 0.439 0.612
0.953 0.483 0.986 0.782
0.537 0.512 0.99 0.735
0.436 0.2 0.869 0.395
0.212 0.433 0.658 0.789
0.233 0.111 0.998 0.585
0.989 0.16 0.412 0.153
0.771 0.952 0.588 0.907
0.643 0.805 0.457 0.374
0.623 0.456 0.623 0.708
0.86 0.286 0.43 0.229
0.806 0.442 0.78 0.036
0.039 0.172 0.275 0.122
0.484 0.915 0.233 0.893
0.451 0.785 0.038 0.164
0.436 0.797 0.176 0.296
0.166 0.791 0.197 0.857
0.726 0.607 0.19 0.032
0.083 0.074 0.401 0.913
0.093 0.086 0.587 0.753
0.03 0.762 0.031 0.697
0.676 0.343 0.964 0.298
0.379 0.403 0.809 0.384
0.972 0.347 0.689 0.204
0.556 0.815 0.938 0.999
0.471 0.873 0.436 0.716
0.107 0.867 0.557 0.032
0.192 0.505 0.695 0.957
0.708 0.728 0.944 0.813
0.001 0.651 0.948 0.656
0.306 0.746 0.914 0.603
0.459 0.036 0.68 0.965
0.621 0.822 0.608 0.804
0.005 0.656 0.741 0.401
0.266 0.506 0.111 0.818
0.445 0.701 0.504 0.932
0.606 0.927 0.872 0.794
0.692 0.799 0.202 0.2
0.791 0.476 0.874 0.911
0.319 0.771 0.017 0.374
0.837 0.487 0.445 0.982
0.243 0.431 0.528 0.348
0.389 0.205 0.883 0.86
0.057 0.043 0.743 0.007
0.054 0.781 0.757 0.198
0.742 0.21 0.575 0.306
0.498 0.266 0.362 0.351
0.71 0.538 0.312 0.608
0.781 0.203 0.981 0.074
0.771 0.3 0.176 0.89
0.696 0.902 0.315 0.063
0.343 0.383 0.941 0.503
0.329 0.91 0.347 0.259
0.54 0.178 0.225 0.743
0.848 0.974 0.005 0.913
0.023 0.217 0.284 0.29
0.294 0.319 0.02 0.796
0.852 0.083 0.893 0.738
0.397 0.364 0.442 0.144
0.774 0.77 0.514 0.52
0.159 0.469 0.64 0.177
0.452 0.124 0.58 0.394
0.403 0.591 0.842 0.475
0.917 0.991 0.181 0.743
0.064 0.729 0.04 0.052
0.88 0.619 0.051 0.448
0.179 0.341 0.627 0.883
0.068 0.331 0.588 0.44
0.757 0.836 0.3 0.134
0.677 0.485 0.921 0.126
0.744 0.816 0.401 0.305
0.357 0.178 0.199 0.088
0.316 0.98 0.875 0.851
0.148 0.118 0.352 0.027
0.253 0.688 0.122 0.811
0.138 0.1 0.397 1
0.874 0.193 0.731 0.937
0.996 0.799 0.004 0.741
0.989 0.665 0.91 0.305
0.452 0.999 0.041 0.673
0.885 0.698 0.139 0.339
0.752 0.483 0.969 0.509
0.414 0.09 0.921 0.468
0.439 0.108 0.855 0.103
0.523 0.603 0.163 0.481
0.589 0.355 0.369 0.62
0.11 0.61 0.186 0.008
0.561 0.831 0.143 0.14
0.048 0.353 0.322 0.732
0.58 0.028 0.707 0.025
0.317 0.058 0.159 0.607
0.046 0.013 0.543 0.431
0.732 0.57 0.232 0.526
0.063 0.649 0.733 0.456
0.341 0.677 0.911 0.427
0.54 0.817 0.623 0.133
0.473 0.949 0.824 0.731
0.93 0.659 0.529 0.85
0.472 0.746 0.301 0.668
0.708 0.725 0.475 0.352
0.05 0.002 0.535 0.751
0.402 0.129 0.33 0.509
0.805 0.658 0.168 0.163
0.115 0.735 0.864 0.899
0.019 0.896 0.41 0.728
0.253 0.3 0.94 0.209
0.428 0.375 0.166 0.64
0.107 0.662 0.765 0.476
0.58 0.837 0.349 0.505
0.239 0.809 0.186 0.064
0.279 0.146 0.001 0.212
0.095 0.538 0.151 0.606
0.892 0.052 0.102 0.859
0.015 0.944 0.792 0.951
0.781 0.71 0.498 0.637
0.295 0.551 0.565 0.352
0.921 0.768 0.345 0.027
0.821 0.435 0.404 0.078
0.231 0.057 0.424 0.14
0.389 0.588 0.694 0.689
0.47 0.216 0.235 0.882
0.798 0.334 0.576 0.466
0.221 0.672 0.953 0.446
0.931 0.632 0.337 0.426
0.258 0.091 0.625 0.736
0.489 0.866 0.532 0.457
0.18 0.406 0.095 0.53
0.838 0.062 0.819 0.778
0.609 0.786 0.36 0.05
0.951 0.826 0.347 0.273
0.129 0.438 0.398 0.281
0.433 0.783 0.012 0.975
0.333 0.927 0.026 0.707
0.172 0.357 0.867 0.213
0.654 0.286 0.056 0.514
0.099 0.703 0.656 0.568
0.697 0.032 0.312 0.41
0.946 0.741 0.673 0.195
0.463 0.952 0.008 0.175
0.232 0.666 0.043 0.426
0.734 0.097 0.917 0.029
0.666 0.867 0.039 0.678
0.035 0.1 0.331 0.948
0.903 0.954 0.469 0.86
0.051 0.826 0.867 0.305
0.621 0.281 0.42 0.87
0.83 0.901 0.713 0.628
0.213 0.886 0.856 0.766
0.2 0.958 0.733 0.304
0.873 0.331 0.663 0.048
0.3 0.678 0.698 0.175
0.797 0.792 0.172 0.335
0.625 0.298 0.303 0.231
0.495 0.553 0.755 0.728
0.314 0.894 0.178 0.99
0.48 0.331 0.783 0.76
0.944 0.498 0.796 0.017
0.347 0.996 0.925 0.681
0.892 0.998 0.666 0.821
0.564 0.822 0.238 0.339
0.868 0.975 0.778 0.254
0.152 0.498 0.58 0.712
0.84 0.251 0.5 0.82
0.857 0.841 0.41 0.459
0.126 0.215 0.72 0.953
0.246 0.242 0.643 0.561
0.821 0.402 0.567 0.88
0.923 0.352 0.992 0.288
0.434 0.289 0.981 0.608
0.246 0.49 0.384 0.508
0.49 0.272 0.712 0.801
0.449 0.969 0.152 0.451
0.804 0.299 0.561 0.756
0.333 0.47 0.228 0.361
0.856 0.414 0.911 0.92
0.173 0.41 0.353 0.624
0.609 0.392 0.69 0.297
0.723 0.84 0.178 0.588
0.425 0.74 0.661 0.145
0.634 0.82 0.127 0.789
0.024 0.135 0.384 0.613
0.699 0.139 0.302 0.858
0.838 0.845 0.734 0.232
0.901 0.889 0.328 0.488
0.477 0.915 0.941 0.419
0.254 0.236 0.72 0.667
0.984 0.299 0.364 0.641
0.519 0.114 0.485 0.363
0.824 0.923 0.523 0.859
0.894 0.599 0.378 0.281
0.883 0.155 0.667 0.648
0.462 0.241 0.37 0.805
0.906 0.372 0.445 0.651
0.731 0.785 0.533 0.067
0.994 0.29 0.856 0.38
0.946 0.518 0.022 0.41
0.503 0.898 0.213 0.046
0.7 0.624 0.32 0.682
0.567 0.625 0.412 0.436
0.524 0.727 0.628 0.324
0.347 0.597 0.792 0.71
0.422 0.026 0.822 0.463
0.598 0.068 0.154 0.971
0.542 0.214 0.183 0.176
0.64 0.799 0.732 0.899
0.607 0.733 0.859 0.545
0.044 0.519 0.803 0.584
0.592 0.312 0.888 0.184
0.678 0.905 0.818 0.56
0.559 0.551 0.916 0.006
0.716 0.977 0.834 0.243
0.433 0.365 0.24 0.954
0.548 0.63 0.04 0.715
0.31 0.546 0.649 0.74
0.995 0.715 0.898 0.842
0.853 0.123 0.152 0.131
0.554 0.408 0.592 0.861
0.722 0.279 0.078 0.078
0.916 0.078 0.876 0.604
0.842 0.286 0.821 0.062
0.541 0.916 0.005 0.467
0.996 0.637 0.375 0.215
0.626 0.707 0.957 0.215
0.15 0.23 0.367 0.727
0.928 0.102 0.403 0.196
0.229 0.73 0.172 0.066
0.622 0.67 0.095 0.54
0.363 0.351 0.228 0.821
0.848 0.61 0.777 0.937
0.475 0.094 0.432 0.413
0.534 0.308 0.367 0.526
0.968 0.315 0.22 0.974
0.656 0.409 0.893 0.546
0.558 0.941 0.29 0.159
0.421 0.339 0.306 0.176
0.59 0.036 0.326 0.162
0.962 0.027 0.301 0.267
0.186 0.458 0.325 0.189
0.98 0.621 0.782 0.952
0.731 0.449 0.738 0.02
0.419 0.896 0.927 0.056
0.557 0.482 0.094 0.71
0.836 0.006 0.465 0.887
0.167 0.194 0.972 0.174
0.681 0.339 0.331 0.744
0.127 0.566 0.207 0.882
0.063 0.76 0.81 0.118
0.657 0.127 0.082 0.717
0.867 0.194 0.312 0.168
0.585 0.414 0.358 0.675
0.568 0.091 0.343 0.607
0.341 0.573 0.94 0.974
0.625 0.407 0.119 0.013
0.201 0.003 0.348 0.269
0.064 0.861 0.113 0.538
0.088 0.072 0.899 0.554
0.449 0.76 0.061 0.144
0.499 0.647 0.946 0.599
0.861 0.331 0.569 0.258
0.069 0.686 0.102 0.986
0.27 0.473 0.104 0.644
0.58 0.972 0.425 0.146
0.36 0.762 0.895 0.721
0.014 0.201 0.867 0.643
0.227 0.313 0.752 0.806
0.16 0.645 0.079 0.864
0.581 0.556 0.855 0.955
0.727 0.424 0.054 0.402
0.089 0.358 0.497 0.673
0.244 0.96 0.076 0.216
0.455 0.086 0.411 0.767
0.413 0.602 0.645 0.062
0.569 0.666 0.28 0.511
0.102 0.146 0.259 0.009
0.636 0.384 0.006 0.687
0.327 0.699 0.729 0.348
0.931 0.516 0.687 0.294
0.606 0.275 0.858 0.921
0.747 0.669 0.164 0.081
0.002 0.401 0.663 0.845
0.613 0.734 0.637 0.121
0.517 0.062 0.477 0.93
0.72 0.887 0.327 0.536
0.105 0.664 0.876 0.164
0.139 0.592 0.253 0.106
0.985 0.671 0.131 0.21
0.79 0.258 0.029 0.289
0.645 0.275 0.902 0.455
0.093 0.167 0.732 0.671
0.483 0.717 0.07 0.557
0.952 0.289 0.471 0.267
0.278 0.369 0.081 0.193
0.624 0.108 0.95 0.008
0.421 0.165 0.65 0.311
0.675 0.486 0.658 0.327
0.346 0.657 0.514 0.863
0.002 0.524 0.728 0.222
0.71 0.499 0.605 0.894
0.613 0.779 0.454 0.97
0.768 0.524 0.678 0.988
0.335 0.38 0.618 0.693
0.952 0.211 0.157 0.175
0.326 0.63 0.403 0.689
0.328 0.65 0.841 0.126
0.056 0.61 0.799 0.167
0.482 0.473 0.703 0.212
0.578 0.545 0.594 0.701
0.933 0.944 0.879 0.835
0.105 0.84 0.135 0.407
0.842 0.292 0.508 0.473
0.996 0.851 0.722 0.408
0.378 0.708 0.698 0.491
0.919 0.372 0.593 0.471
0.149 0.456 0.382 0.845
0.008 0.254 0.182 0.694
0.735 0.678 0.144 0.286
0.759 0.411 0.404 0.998
0.603 0.344 0.669 0.502
0.545 0.127 0.51 0.207
0.035 0.186 0.132 0.77
0.947 0.429 0.603 0.969
0.115 0.508 0.95 0.645
0.427 0.665 0.493 0.551
0.061 0.702 0.2 0.875
0.303 0.732 0.96 0.989
0.067 0.397 0.684 0.165
0.34 0.963 0.152 0.467
0.789 0.174 0.742 0.31
0.979 0.404 0.465 0.564
0.51 0.769 0.566 0.054
0.234 0.586 0.182 0.231
0.846 0.141 0.754 0.296
0.633 0.464 0.356 0.66
0.516 0.147 0.516 0.652
0.329 0.884 0.667 0.621
0.42 0.42 0.337 0.51
0.494 0.838 0.593 0.404
0.401 0.352 0.607 0.297
0.268 0.391 0.085 0.373
0.683 0.249 0.438 0.126
0.658 0.148 0.352 0.039
0.61 0.765 0.605 0.489
0.012 0.873 0.684 0.493
0.849 0.708 0.919 0.477
0.218 0.659 0.652 0.393
0.396 0.921 0.581 0.367
0.914 0.276 0.884 0.985
0.262 0.886 0.635 0.451
0.948 0.186 0.852 0.264
0.176 0.744 0.845 0.039
0.092 0.714 0.351 0.814
0.149 0.859 0.66 0.055
0.046 0.641 0.776 0.548
0.336 0.391 0.703 0.897
0.96 0.914 0.599 0.523
0.318 0.633 0.742 0.444
0.454 0.855 0.11 0.619
0.213 0.558 0.707 0.884
0.276 0.891 0.372 0.384
0.492 0.73 0.145 0.051
0.544 0.887 0.781 0.321
0.281 0.675 0.057 0.8
0.226 0.177 0.36 0.089
0.572 0.538 0.436 0.73
0.923 0.128 0.065 0.85
0.137 0.541 0.511 0.883
0.592 0.647 0.081 0.141
0.266 0.636 0.47 0.885
0.881 0.958 0.748 0.345
0.282 0.463 0.77 0.689
0.552 0.627 0.289 0.625
0.345 0.918 0.52 0.856
0.254 0.173 0.249 0.364
0.039 0.446 0.165 0.548
0.449 0.673 0.645 0.801
0.955 0.96 0.869 0.639
0.244 0.835 0.715 0.32
0.625 0.908 0.072 0.831
0.004 0.05 0.626 0.866
0.57 0.033 0.222 0.603
0.543 0.983 0.153 0.422
0.334 0.646 0.201 0.028
0.842 0.83 0.685 0.35
0.222 0.411 0.656 0.862
0.149 0.451 0.648 0.046
0.124 0.859 0.43 0.664
0.838 0.787 0.967 0.458
0.756 0.335 0.385 0.956
0.663 0.724 0.733 0.71
0.051 0.283 0.593 0.266
0.371 0.97 0.234 0.031
0.233 0.125 0.465 0.651
0.37 0.048 0.944 0.699
0.005 0.427 0.798 0.39
0.949 0.923 0.056 0.105
0.374 0.646 0.057 0.716
0.209 0.515 0.175 0.564
0.266 0.608 0.238 0.1
0.516 0.145 0.25 0.982
0.091 0.205 0.424 0.76
0.333 0.517 0.055 0.057
0.621 0.043 0.116 0.081
0.338 0.245 0.116 0.368
0.537 0.498 0.957 0.756
0.034 0.09 0.643 0.66
0.2 0.131 0.069 0.736
0.215 0.823 0.852 0.107
0.181 0.381 0.22 0.006
0.852 0.369 0.806 0.959
0.266 0.224 0.153 0.477
0.193 0.005 0.525 0.589
0.778 0.724 0.107 0.176
0.267 0.489 0.894 0.038
0.18 0.584 0.138 0.73
0.19 0.681 0.559 0.555
0.267 0.545 0.919 0.034
0.839 0.007 0.547 0.248
0.843 0.577 0.679 0.778
0.325 0.836 0.463 0.046
0.9 0.298 0.551 0.63
0.62 0.73 0.027 0.654
0.851 0.323 0.452 0.2
0.34 0.842 0.625 0.5
0.867 0.193 0.99 0.13
0.237 0.016 0.676 0.088
0.493 0.805 0.147 0.798
0.583 0.296 0.186 0.715
0.478 0.622 0.01 0.311
0.442 0.693 0.761 0.404
0.304 0.428 0.639 0.913
0.052 0.827 0.851 0.297
0.902 0.255 0.448 0.053
0.484 0.605 0.272 0.002
0.764 0.91 0.522 0.647
0.468 0.656 0.154 0.881
0.391 0.192 0.327 0.28
0.503 0.524 0.166 0.815
0.628 0.146 0.769 0.96
0.06 0.153 0.624 0.049
0.26 0.201 0.164 0.246
0.551 0.09 0.987 0.186
0.845 0.103 0.821 0.097
0.009 0.405 0.741 0.79
0.785 0.345 0.862 0.63
0.906 0.869 0.092 0.963
0.047 0.712 0.032 0.51
0.181 0.544 0.932 0.464
0.623 0.089 0.245 0.83
0.134 0.945 0.995 0.96
0.164 0.862 0.77 0.359
0.066 0.705 0.803 0.398
0.288 0.185 0.634 0.145
0.855 0.087 0.374 0.182
0.271 0.511 0.042 0.01
0.483 0.706 0.69 0.086
0.696 0.831 0.018 0.349
0.894 0.294 0.727 0.344
0.324 0.215 0.957 0.724
0.252 0.945 0.059 0.767
0.435 0.287 0.453 0.363
0.612 0.183 0.588 0.606
0.64 0.359 0.658 0.992
0.717 0.551 0.316 0.846
0.614 0.076 0.266 0.655
0.292 0.064 0.607 0.917
0 0.273 0.65 0.07
0.802 0.656 0.918 0.897
0.514 0.839 0.703 0.156
0.181 0.139 0.969 0.766
0.739 0.269 0.15 0.906
0.032 0.534 0.382 0.316
0.041 0.131 0.156 0.084
0.981 0.183 0.863 0.915
0.341 0.023 0.894 0.68
0.99 0.923 0.555 0.711
0.246 0.24 0.481 0.268
0.682 0.438 0.06 0.693
0.941 0.038 0.557 0.627
0.351 0.698 0.792 0.161
0.756 0.236 0.306 0.852
0.46 0.733 0.677 0.215
0.657 0.156 0.81 0.647
0.888 0.051 0.825 0.501
0.719 0.81 0.999 0.598
0.649 0.005 0.535 0.849
0.437 0.448 0.437 0.493
0.647 0.447 0.845 0.499
0.348 0.198 0.688 0.004
0.042 0.639 0.109 0.913
0.559 0.573 0.672 0.128
0.724 0.509 0.398 0.39
0.263 0.211 0.79 0.471
0.657 0.254 0.297 0.142
0.683 0.909 0.454 0.157
0.214 0.825 0.506 0.763
0.569 0.283 0.102 0.817
0.599 0.968 0.063 0.875
0.809 0.227 0.546 0.618
0.362 0.342 0.593 0.139
0.525 0.583 0.318 0.516
0.355 0.967 0.461 0.822
0.305 0.4 0.006 0.785
0.059 0.532 0.273 0.134
0.342 0.541 0.5 0.02
0.707 0.951 0.641 0.131
0.128 0.374 0.261 0.393
0.129 0.99 0.481 0.682
0.221 0.414 0.886 0.401
0.967 0.934 0.418 0.531
0.821 0.8 0.412 0.688
0.122 0.601 0.698 0.329
0.374 0.866 0.743 0.739
0.682 0.45 0.022 0.1
0.787 0.886 0.606 0.754
0.142 0.132 0.636 0.913
0.351 0.266 0.19 0.384
0.812 0.879 0.978 0.834
0.238 0.103 0.23 0.749
0.963 0.317 0.162 0.855
0.491 0.566 0.061 0.015
0.043 0.931 0.785 0.776
0.506 0.735 0.646 0.867
0.867 0.985 0.613 0.806
0.458 0.978 0.238 0.1
0.54 0.57 0.254 0.399
0.688 0.745 0.559 0.871
0.19 0.879 0.831 0.228
0.571 0.772 0.686 0.777
0.567 0.041 0.433 0.707
0.815 0.777 0.775 0.105
0.51 0.232 0.337 0.825
0.355 0.507 0.429 0.289
0.328 0.207 0.977 0.274
0.035 0.345 0.205 0.812
0.36 0.268 0.555 0.935
0.79 0.236 0.651 0.404
0.901 0.844 0.667 0.97
0.574 0.369 0.441 0.057
0.869 0.9 0.443 0.677
0.957 0.794 0.777 0.257
0.222 0.872 0.158 0.778
0.707 0.558 0.536 0.005
0.044 0.123 0.425 0.2
0.217 0.271 0.83 0.889
0.113 0.035 0.228 0.969
0.186 0.879 0.527 0.288
0.561 0.058 0.381 0.895
0.633 0.794 0.571 0.031
0.889 0.702 0.021 0.669
0.773 0.399 0.799 0.349
0.983 0.985 0.482 0.33
0.831 0.574 0.504 0.193
0.669 0.668 0.836 0.127
0.466 0.774 0.572 0.337
0.5 0.322 0.453 0.962
0.34 0.748 0.606 0.872
0.449 0.405 0.918 0.03
0.293 0.149 0.734 0.44
0.718 0.514 0.59 0.932
0.658 0.974 0.697 0.255
0.227 0.06 0.521 0.283
0.031 0.271 0.998 0.907
0.927 0.893 0.103 0.07
0.533 0.879 0.891 0.731
0.039 0.533 0.264 0.744
0.548 0.164 0.139 0.251
0.576 0.115 0.993 0.162
0.921 0.872 0.142 0.437
0.095 0.85 0.544 0.863
0.024 0.576 0.028 0.118
0.053 0.094 0.621 0.054
0.894 0.199 0.128 0.739
0.356 0.801 0.665 0.952
0.706 0.196 0.123 0.362
0.921 0.561 0.445 0.753
0.971 0.699 0.682 0.814
0.144 0.753 0.807 0.078
0.454 0.95 0.345 0.577
0.998 0.112 0.961 0.141
0.385 0.913 0.825 0.271
0.056 0.131 0.159 0.319
0.045 0.496 0.854 0.94
0.885 0.174 0.675 0.509
0.019 0.648 0.277 0.502
0.935 0.341 0.951 0.418
0.826 0.619 0.415 0.486
0.223 0.233 0.846 0.043
0.975 0.511 0.343 0.655
0.817 0.024 0.55 0.074
0.714 0.86 0.45 0.217
0.184 0.291 0.101 0.775
0.509 0.885 0.542 0.063
0.961 0.457 0.056 0.469
0.709 0.961 0.163 0.989
0.084 0.099 0.182 0.649
0.809 0.535 0.837 0.18
0.888 0.867 0.35 0.149
0.584 0.558 0.95 0.799
0.712 0.399 0.702 0.428
0.256 0.775 0.924 0.184
0.275 0.603 0.243 0.744
0.169 0.811 0.703 0.083
0.954 0.039 0.578 0.615
0.097 0.561 0.58 0.931
0.278 0.371 0.531 0.062
0.607 0.352 0.487 0.061
0.863 0.863 0.761 0.929
0.082 0.448 0.576 0.695
0.754 0.755 0.367 0.018
0.453 0.686 0.085 0.612
0.6 0.25 0.404 0.139
0.27 0.731 0.348 0.647
0.745 0.704 0.234 0.378
0.809 0.154 0.723 0.385
0.689 0.928 0.509 0.95
0.806 0.567 0.796 0.061
0.581 0.062 0.295 0.138
0.854 0.045 0.102 0.875
0.515 0.431 0.847 0.864
0.999 0.794 0.062 0.927
0.405 0.139 0.988 0.523
0.922 0.029 0.511 0.051
0.585 0.913 0.711 0.852
0.82 0.235 0.394 0.659
0.997 0.525 0.685 0.102
0.134 0.58 0.043 0.925
0.682 0.812 0.107 0.177
0.273 0.325 0.421 0.512
0.692 0.417 0.549 0.714
0.697 0.116 0.886 0.305
0.231 0.108 0.809 0.7
0.16 0.951 0.497 0.926
0.637 0.312 0.818 0.555
0.444 0.897 0.942 0.288
0.906 0.202 0.816 0.071
0.429 0.161 0.905 0.422
0.769 0.603 0.565 0.367
0.692 0.007 0.197 0.507
0.062 0.168 0.167 0.373
0.343 0.084 0.151 0.664
0.845 0.63 0.783 0.699
0.221 0.112 0.14 0.326
0.466 0.559 0.11 0.751
0.09 0.764 0.175 0.219
0.811 0.799 0.429 0.886
0.321 0.525 0.158 0.127
0.733 0.505 0.283 0.125
0.568 0.139 0.684 0.034
0.712 0.089 0.186 0.319
0.386 0.325 0.239 0.774
0.514 0.077 0.796 0.099
0.658 0.092 0.834 0.221
0.899 0.051 0.789 0.587
0.163 0.361 0.817 0.211
0.919 0.341 0.534 0.344
0.253 0.344 0.37 0.576
0.19 0.244 0.774 0.482
0.504 0.509 0.134 0.345
0.053 0.884 0.553 0.554
0.559 0.39 0.6 0.918
0.238 0.096 0.292 0.961
0.21 0.353 0.901 0.624
0.904 0.515 0.631 0.331
0.221 0.687 0.125 0.271
0.537 0.458 0.405 0.688
0.608 0.45 0.218 0.384
0.932 0.48 0.065 0.113
0.416 0.662 0.887 0.884
0.621 0.034 0.942 0.262
0.817 0.059 0.509 0.387
0.358 0.439 0.431 0.297
0.18 0.313 0.957 0.003
0.702 0.541 0.57 0.82
0.795 0.448 0.268 0.106
0.981 0.34 0.181 0.519
0.755 0.857 0.491 0.122
0.548 0.487 0.881 0.326
0.612 0.916 0.642 0.488
0.961 0.634 0.17 0.338
0.478 0.742 0.194 0.404
0.953 0.51 0.484 0.524
0.929 0.519 0.597 0.362
0.983 0.265 0.581 0.198
0.005 0.492 0.272 0.633
0.229 0.562 0.923 0.63
0.35 0.054 0.195 0.548
0.592 0.843 0.449 0.169
0.349 0.839 0.657 0.675
0.982 0.18 0.802 0.818
0.072 0.352 0.931 0.332
0.56 0.16 0.487 0.459
0.651 0.133 0.032 0.794
0.253 0.024 0.909 0.676
0.896 0.712 0.195 0.492
0.937 0.709 0.324 0.706
0.025 0.272 0.483 0.754
0.144 0.789 0.723 0.344
0.581 0.709 0.276 0.886
0.554 0.884 0.282 0.56
0.549 0.866 0.616 0.584
0.847 0.232 0.58 0.208
0.142 0.586 0.95 0.537
0.878 0.696 0.991 0.093
0.521 0.957 0.052 0.317
0.154 0.507 0.476 0.845
0.549 0.185 0.281 0.02
0.985 0.601 0.625 0.349
0.395 0.168 0.665 0.86
0.436 0.392 0.445 0.512
0.034 0.763 0.367 0.219
0.505 0.396 0.892 0.597
0.952 0.355 0.062 0.177
0.655 0.778 0.136 0.448
0.195 0.985 0.149 0.98
0.944 0.079 0.985 0.755
0.528 0.543 0.361 0.187
0.211 0.659 0.105 0.917
0.885 0.481 0.611 0.242
0.137 0.103 0.223 0.003
0.467 0.826 0.053 0.058
0.52 0.965 0.956 0.435
0.045 0.414 0.024 0.035
0.924 0.113 0.134 0.569
0.755 0.917 0.177 0.125
0.952 0.007 0.224 0.689
0.735 0.769 0.712 0.562
0.004 0.704 0.094 0.225
0.334 0.323 0.899 0.579
0.403 0.687 0.78 0.123
0.647 0.862 0.629 0.998
0.766 0.126 0.261 0.259
0.471 0.828 0.924 0.931
0.428 0.228 0.533 0.339
0.322 0.648 0.911 0.966
0.447 0.477 0.994 0.598
0.245 0.495 0.523 0.52
0.683 0.592 0.489 0.36
0.421 0.691 0.21 0.657
0.289 0.559 0.86 0.864
0.83 0.009 0.967 0.659
0.715 0.1 0.796 0.099
0.051 0.756 0.614 0.283
0.53 0.56 0.103 0.675
0.455 0.952 0.758 0.734
0.707 0.217 0.355 0.161
0.854 0.444 0.352 0.62
0.825 0.232 0.196 0.002
0.93 0.331 0.356 0.368
0.556 0.14 0.977 0.362
0.894 0.174 0.002 0.529
0.18 0.831 0.071 0.32
0.257 0.943 0.785 0.062
0.187 0.322 0.76 0.89
0.681 0.496 0.575 0.709
0.514 0.991 0.754 0.249
0.07 0.639 0.736 0.103
0.156 0.353 0.462 0.478
0.321 0.649 0.82 0.77
0.288 0.07 0.178 0.1
0.437 0.869 0.321 0.771
0.263 0.811 0.348 0.743
0.202 0.011 0.563 0.341
0.062 0.353 0.605 0.981
0.654 0.986 0.577 0.665
0.882 0.845 0.617 0.142
0.232 0.677 0.623 0.019
0.604 0.038 0.244 0.416
0.159 0.557 0.384 0.342
0.246 0.849 0.319 0.863
0.694 0.483 0.058 0.593
0.116 0.059 0.281 0.722
0.566 0.219 0.748 0.188
0.727 0.743 0.812 0.847
0.275 0.323 0.656 0.247
0.001 0.732 0.813 0.025
0.203 0.996 0.473 0.067
0.039 0.01 0.318 0.753
0.7 0.355 0.07 0.441
0.111 0.686 0.062 0.584
0.164 0.515 0.269 0.094
0.949 0.953 0.414 0.09
0.829 0.66 0.525 0.432
0.301 0.856 0.17 0.445
0.407 0.381 0.135 0.487
0.447 0.364 0.909 0.469
0.961 0.428 0.619 0.65
0.125 0.924 0.809 0.696
0.509 0.765 0.589 0.391
0.778 0.497 0.604 0.631
0.824 0.984 0.105 0.948
0.163 0.63 0.184 0.902
0.83 0.078 0.25 0.588
0.137 0.017 0.421 0.294
0.507 0.965 0.249 0.046
0.643 0.265 0.691 0.435
0.94 0.558 0.432 0.039
0.865 0.647 0.259 0.799
0.208 0.096 0.585 0.187
0.079 0.439 0.267 0.32
0.853 0.334 0.056 0.463
0.868 0.425 0.079 0.552
0.035 0.616 0.918 0.772
0.621 0.514 0.22 0.228
0.221 0.165 0.726 0.011
0.527 0.202 0.458 0.383
0.384 0.586 0.842 0.684
0.244 0.298 0.616 0.859
0.167 0.113 0.082 0.091
0.732 0.846 0.008 0.874
0.838 0.033 0.627 0.779
0.023 0.556 0.913 0.654
0.233 0.38 0.932 0.556
0.482 0.655 0.813 0.46
0.766 0.176 0.928 0.612
0.033 0.138 0.901 0.937
0.09 0.78 0.115 0.78
0.298 0.67 0.5 0.803
0.276 0.649 0.241 0.657
0.194 0.485 0.439 0.319
0.109 0.179 0.381 0.22
0.029 0.551 0.736 0.021
0.592 0.241 0.956 0.285
0.165 0.997 0.537 0.309
0.82 0.955 0.439 0.784
0.489 0.469 0.76 0.904
0.435 0.752 0.437 0.962
0.324 0.663 0.619 0.586
0.098 0.36 0.519 0.687
0.095 0.541 0.924 0.945
0.317 0.699 0.156 0.382
0.681 0.684 0.727 0.286
0.678 0.897 0.459 0.082
0.926 0.964 0.045 0.548
0.509 0.465 0.166 0.497
0.258 0.151 0.58 0.229
0.071 0.396 0.784 0.442
0.13 0.529 0.536 0.337
0.544 0.658 0.368 0.216
0.716 0.142 0.433 0.716
0.115 0.494 0.182 0.929
0.729 0.898 0.644 0.411
0.454 0.403 0.383 0.182
0.968 0.674 0.238 0.059
0.221 0.728 0.714 0.306
0.514 0.748 0.228 0.412
0.251 0.831 0.172 0.452
0.206 0.031 0.813 0.356
0.764 0.056 0.583 0.54
0.718 0.465 0.076 0.848
0.863 0.438 0.238 0.767
0.879 0.55 0.129 0.609
0.917 0.935 0.352 0.199
0.421 0.281 0.291 0.073
0.632 0.424 0.766 0.036
0.917 0.85 0.589 0.179
0.451 0.37 0.564 0.581
0.435 0.589 0.214 0.002
0.42 0.458 0.316 0.603
0.311 0.393 0.04 0.518
0.292 0.85 0.373 0.931
0.657 0.646 0.836 0.057
0.203 0.097 0.015 0.169
0.739 0.92 0.47 0.893
0.585 0.323 0.659 0.266
0.515 0.904 0.051 0.846
0.726 0.424 0.441 0.731
0.663 0.395 0.173 0.36
0.721 0.459 0.16 0.526
0.04 0.481 0.171 0.458
0.578 0.055 0.285 0.813
0.24 0.163 0.272 0.524
0.602 0.192 0.055 0.019
0.566 0.545 0.839 0.982
0.963 0.422 0.806 0.241
0.443 0.082 0.146 0.226
0.833 0.184 0.946 0.789
0.531 0.624 0.223 0.512
0.457 0.616 0.854 0.222
0.442 0.193 0.751 0.996
0.738 0.211 0.264 0.61
0.963 0.475 0.675 0.211
0.868 0.579 0.998 0.281
0.086 0.995 0.338 0.941
0.444 0.298 0.723 0.195
0.236 0.306 0.677 0.808
0.117 0.054 0.373 0.423
0.662 0.575 0.326 0.248
0.227 0.564 0.81 0.716
0.107 0.896 0.852 0.705
0.523 0.896 0.026 0.807
0.8 0.882 0.806 0.416
0.597 0.521 0.034 0.191
0.403 0.146 0.176 0.92
0.832 0.693 0.861 0.349
0.469 0.115 0.568 0.286
0.061 0.016 0.672 0.144
0.411 0.725 0.83 0.825
0.681 0.541 0.711 0.671
0.894 0.779 0.433 0.565
0.118 0.76 0.415 0.332
0.771 0.139 0.919 0.823
0.217 0.98 0.364 0.76
0.42 0.454 0.731 0.835
0.54 0.13 0.366 0.611
0.995 0.191 0.609 0.446
0.499 0.689 0.331 0.926
0.724 0.509 0.131 0.365
0.012 0.477 0.108 0.223
0.78 0.377 0.799 0.569
0.437 0.186 0.039 0.746
0.927 0.687 0.598 0.046
0.917 0.122 0.2 0.13
0.425 0.258 0.465 0.198
0.666 0.209 0.673 0.334
0.826 0.951 0.901 0.639
0.388 0.423 0.722 0.085
0.638 0.446 0.587 0.368
0.505 0.981 0.196 0.661
0.406 0.02 0.734 0.074
0.702 0.1 0.906 0.102
0.819 0.23 0.178 0.96
0.222 0.839 0.382 0.919
0.422 0.465 0.046 0.353
0.558 0.738 0.492 0.636
0.322 0.369 0.26 0.985
0.059 0.498 0.942 0.888
0.963 0.351 0.291 0.025
0.57 0.513 0.076 0.577
0.822 0.715 0.224 0.816
0.75 0.739 0.436 0.851
0.238 0.191 0.22 0.554
0.215 0.362 0.002 0.514
0.589 0.554 0.908 0.5
0.514 0.956 0.255 0.596
0.563 0.495 0.421 0.91
0.175 0.893 0.432 0.323
0.778 0.869 0.151 0.511
0.555 0.176 0.53 0.335
0.354 0.854 0.135 0.101
0.615 0.678 0.379 0.275
0.134 0.953 0.021 0.311
0.215 0.661 0.113 0.926
0.491 0.506 0.683 0.747
0.134 0.828 0.065 0.57
0.685 0.995 0.632 0.812
0.435 0.13 0.757 0.815
0.094 0.514 0.46 0.782
0.246 0.875 0.947 0.445
0.309 0.831 0.164 0.1
0.274 0.8 0.434 0.666
0.515 0.192 0.594 0.423
0.754 0.539 0.251 0.592
0.979 0.633 0.707 0.852
0.631 0.621 0.397 0.374
0.251 0.569 0.114 0.755
0.613 0.668 0.574 0.732
0.821 0.595 0.347 0.7
0.8 0.096 0.087 0.331
0.31 0.823 0.971 0.999
0.545 0.992 0.687 0.206
0.125 0.052 0.263 0.853
0.969 0.752 0.634 0.816
0.57 0.711 0.064 0.517
0.865 0.659 0.181 0.173
0.649 0.044 0.469 0.253
0.062 0.91 0.482 0.947
0.644 0.845 0.002 0.133
0.606 0.989 0.207 0.607
0.551 0.09 0.215 0.81
0.76 0.972 0.122 0.964
0.856 0.26 0.232 0.081
0.022 0.054 0.679 0.226
0.87 0.096 0.079 0.643
0.816 0.776 0.373 0.791
0.096 0.023 0.654 0.268
0.514 0.659 0.066 0.314
0.642 0.887 0.098 0.539
0.356 0.329 0.876 0.673
0.189 0.085 0.06 0.319
0.496 0.658 0.802 0.277
0.714 0.785 0.724 0.096
0.754 0.73 0.01 0.934
0.456 0.561 0.295 0.406
0.543 0.35 0.142 0.812
0.824 0.24 0.135 0.842
0.781 0.278 0.46 0.529
0.755 0.549 0.945 0.792
0.609 0.662 0.083 0.447
0.963 0.447 0.602 0.384
0.978 0.343 0.281 0.817
0.671 0.879 0.665 0.775
0.934 0.626 0.741 0.703
0.46 0.986 0.149 0.201
0.133 0.028 0.522 0.503
0.37 0.946 0.599 0.099
0.862 0.615 0.729 0.583
0.006 0.211 0.499 0.617
0.155 0.912 0.497 0.441
0.587 0.59 0.637 0.325
0.462 0.945 0.027 0.852
0.705 0.081 0.528 0.6
0.046 0.862 0.557 0.629
0.928 0.916 0.067 0.193
0.466 0.708 0.978 0.372
0.392 0.841 0.28 0.645
0.895 0.217 0.851 0.968
0.741 0.743 0.394 0.484
0.23 0.987 0.731 0.142
0.893 0.38 0.553 0.188
0.457 0.74 0.996 0.414
0.15 0.994 0.447 0.238
0.285 0.733 0.451 0.03
0.835 0.603 0.813 0.937
0.446 0.477 0.438 0.544
0.152 0.123 0.461 0.139
0.022 0.348 0.609 0.033
0.148 0.194 0.014 0.073
0.662 0.777 0.566 0.354
0.964 0.603 0.362 0.609
0.342 0.798 0.503 0.792
0.857 0.49 0.37 0.533
0.225 0.217 0.636 0.742
0.383 0.838 0.558 0.378
0.77 0.887 0.001 0.312
0.622 0.708 0.798 0.315
0.814 0.534 0.243 0.09
0.693 0.527 0.497 0.348
0.956 0.666 0.891 0.471
0.813 0.813 0.186 0.19
0.91 0.732 0.85 0.186
0.891 0.235 0.174 0.288
0.288 0.236 0.755 0.524
0.85 0.554 0.875 0.81
0.129 0.146 0.442 0.801
0.017 0.06 0.223 0.393
0.004 0.09 0.762 0.376
0.175 0.262 0.438 0.194
0.701 0.809 0.893 0.69
0.156 0.353 0.937 0.961
0.13 0.231 0.463 0.142
0.09 0.951 0.164 0.372
0.594 0.371 0.87 0.316
0.365 0.925 0.588 0.482
0.161 0.698 0.649 0.672
0.581 0.882 0.369 0.288
0.589 0.55 0.792 0.423
0.235 0.487 0.664 0.404
0.788 0.782 0.306 0.441
0.781 0.955 0.477 0.656
0.909 0.122 0.084 0.611
0.719 0.355 0.687 0.679
0.536 0.645 0.51 0.377
0.403 0.825 0.343 0.009
0.185 0.145 0.236 0.489
0.867 0.257 0.481 0.539
0.199 0.398 0.082 0.892
0.832 0.231 0.534 0.51
0.276 0.651 0.622 0.13
0.868 0.194 0.31 0.958
0.048 0.738 0.386 0.342
0.21 0.86 0.352 0.008
0.93 0.449 0.386 0.958
0.016 0.225 0.904 0.534
0.663 0.111 0.474 0.48
0.249 0.484 0.15 0.959
0.859 0.799 0.636 0.312
0.85 0.541 0.115 0.563
0.446 0.104 0.082 0.599
0.107 0.058 0.097 0.897
0.868 0.348 0.332 0.81
0.02 0.294 0.225 0.911
0.385 0.965 0.257 0.402
0.954 0.832 0.036 0.446
0.897 0.242 0.419 0.126
0.414 0.637 0.318 0.288
0.871 0.83 0.325 0.162
0.338 0.045 0.429 0.72
0.15 0.144 0.796 0.805
0.136 0.973 0.804 0.624
0.384 0.264 0.057 0.593
0.36 0.085 0.36 0.334
0.883 0.028 0.746 0.349
0.18 0.761 0.325 0.601
0.626 0.754 0.989 0.002
0.301 0.673 0.526 0.102
0.096 0.956 0.978 0.335
0.486 0.38 0.017 0.32
0.556 0.35 0.742 0.13
0.482 0.467 0.585 0.04
0.879 0.384 0.271 0.058
0.107 0.377 0.445 0.548
0.795 0.006 0.073 0.101
0.631 0.555 0.779 0.941
0.012 0.596 0.977 0.401
0.519 0.392 0.245 0.685
0.542 0.039 0.06 0.655
0.373 0.361 0.409 0.05
0.568 0.809 0.147 0.659
0.745 0.865 0.439 0.781
0.366 0.672 0.78 0.284
0.672 0.208 0.456 0.542
0.432 0.003 0.393 0.413
0.742 0.017 0.637 0.724
0.993 0.108 0.798 0.009
0.392 0.752 0.11 0.907
0.271 0.873 0.19 0.92
0.794 0.474 0.402 0.214
0.525 0.142 0.675 0.948
0.373 0.427 0.419 0.39
0.045 0.215 0.43 0.64
0.036 0.943 0.177 0.41
0.245 0.486 0.416 0.616
0.983 0.897 0.923 0.471
0.644 0.253 0.366 0.561
0.692 0.302 0.171 0.291
0.986 0.033 0.752 0.789
0.205 0.143 0.759 0.114
0.089 0.296 0.293 0.052
0.613 0.41 0.897 0.901
0.965 0.392 0.208 0.352
0.841 0.831 0.149 0.225
0.013 0.174 0.935 0.545
0.462 0.531 0.275 0.302
0.825 0.579 0.777 0.072
0.472 0.265 0.674 0.098
0.355 0.934 0.292 0.467
0.701 0.774 0.376 0.371
0.476 0.921 0.442 0.807
0.635 0.519 0.957 0.869
0.828 0.82 0.091 0.214
0.957 0.769 0.94 0.945
0.665 0.945 0.403 0.921
0.257 0.12 0.568 0.145
0.843 0.98 0.599 0.785
0.407 0.533 0.18 0.53
0.682 0.348 0.634 0.205
0.035 0.264 0.203 0.781
0.418 0.485 0.39 0.682
0.501 0.655 0.952 0.256
0.923 0.016 0.361 0.705
0.165 0.437 0.952 0.936
0.219 0.734 0.952 0.33
0.365 0.446 0.869 0.043
0.888 0.812 0.765 0.708
0.804 0.9 0.283 0.955
0.915 0.847 0.557 0.058
0.277 0.092 0.569 0.637
0.164 0.947 0.447 0.962
0.456 0.663 0.135 0.837
0.927 0.122 0.243 0.313
0.625 0.146 0.566 0.583
0.316 0.513 0.946 0.622
0.572 0.167 0.261 0.518
0.3 0.73 0.16 0.936
0.501 0.706 0.586 0.831
0.869 0.64 0.577 0.623
0.655 0.495 0.579 0.531
0.473 0.734 0.91 0.787
0.301 0.857 0.124 0.155
0.057 0.151 0.944 0.06
0.303 0.156 0.349 0.947
0.649 0.956 0.108 0.105
0.268 0.143 0.789 0.793
0.743 0.47 0.138 0.774
0.232 0.658 0.205 0.72
0.913 0.809 0.44 0.792
0.122 0.547 0.932 0.981
0.128 0.517 0.661 0.826
0.494 0.034 0.544 0.904
0.022 0.581 0.076 0.739
0.069 0.071 0.483 0.381
0.075 0.004 0.458 0.353
0.601 0.111 0.018 0.859
0.38 0.388 0.244 0.999
0.526 0.232 0.398 0.866
0.003 0.309 0.623 0.566
0.754 0.913 0.843 0.931
0.433 0.157 0.397 0.37
0.259 0.96 0.574 0.361
0.209 0.364 0.427 0.616
0.611 0.838 0.907 0.4
0.516 0.288 0.43 0.234
0.79 0.945 0.641 0.962
0.151 0.176 0.017 0.838
0.03 0.176 0.444 0.86
0.73 0.227 0.606 0.349
0.542 0.832 0.182 0.451
0.701 0.914 0.865 0.301
0.893 0.746 0.314 0.856
0.635 0.423 0.958 0.796
0.54 0.065 0.394 0.108
0.037 0.996 0.133 0.544
0.777 0.96 0.637 0.684
0.089 0.41 0.433 0.05
0.239 0.466 0.199 0.812
0.114 0.059 0.08 0.795
0.056 0.084 0.193 0.06
0.534 0.624 0.036 0.998
0.74 0.128 0.112 0.772
0.088 0.485 0.476 0.75
0.316 0.462 0.616 0.591
0.226 0.28 0.416 0.921
0.792 0.144 0.653 0.197
0.264 0.298 0.447 0.177
0.736 0.737 0.14 0.376
0.844 0.73 0.096 0.434
0.22 0.461 0.817 0.041
0.626 0.226 0.48 0.97
0.852 0.715 0.426 0.146
0.122 0.759 0.545 0.799
0.395 0.008 0.873 0.686
0.535 0.084 0.847 0.478
0.693 0.796 0.461 0.124
0.417 0.521 0.822 0.51
0.145 0.254 0.994 0.334
0.26 0.791 0.753 0.866
0.956 0.091 0.577 0.838
0.397 0.143 0.78 0.893
0.16 0.548 0.193 0.374
0.839 0.751 0.931 0.967
0.783 0.551 0.941 0.776
0.066 0.561 0.881 0.701
0.54 0.47 0.679 0.318
0.548 0.629 0.539 0.416
0.926 0.063 0.009 0.664
0.299 0.138 0.955 0.096
0.528 0.737 0.375 0.759
0.599 0.336 0.13 0.525
0.466 0.658 0.405 0.635
0.568 0.026 0.011 0.262
0.345 0.688 0.664 0.858
0.617 0.814 0.99 0.705
0.215 0.236 0.064 0.637
0.53 0.796 0.737 0.472
0.795 0.175 0.67 0.35
0.912 0.15 0.001 0.339
0.332 0.815 0.763 0.059
0.644 0.04 0.326 0.788
0.81 0.06 0.783 0.871
0.68 0.351 0.797 0.708
0.763 0.217 0.886 0.25
0.831 0.983 0.704 0.385
0.444 0.831 0.509 0.881
0.299 0.242 0.439 0.374
0.953 0.73 0.53 0.194
0.614 0.803 0.204 0.711
0.122 0.778 0.063 0.101
0.115 0.746 0.835 0.046
0.736 0.772 0.553 0.781
0.61 0.36 0.845 0.527
0.91 0.615 0.298 0.25
0.596 0.683 0.617 0.659
0.809 0.939 0.818 0.64
0.982 0.516 0.86 0.859
0.381 0.661 0.407 0.274
0.095 0.155 0.699 0.433
0.073 0.1 0.441 0.138
0.832 0.049 0.802 0.01
0.995 0.067 0.018 0.536
0.002 0.647 0.019 0.391
0.521 0.181 0.542 0.677
0.868 0.881 0.321 0.617
0.509 0.593 0.258 0.495
0.305 0.557 0.288 0.121
0.184 0.201 0.244 0.075
0.784 0.739 0.711 0.884
0.377 0.158 0.8 0.855
0.733 0.844 0.219 0.712
0.436 0.571 0.72 0.429
0.343 0.754 0.299 0.635
0.185 0.865 0.884 0.095
0.998 0.99 0.161 0.31
0.219 0.814 0.412 0.836
0.16 0.264 0.953 0.393
0.629 0.622 0.236 0.569
0.451 0.382 0.96 0.132
0.388 0.663 0.653 0.581
0.555 0.97 0.455 0.113
0.902 0.523 0.143 0.787
0.921 0.473 0.392 0.692
0.3 0.325 0.83 0.128
0.994 0.441 0.626 0.721
0.613 0.42 0.679 0.422
0.768 0.464 0.365 0.44
0.509 0.708 0.725 0.2
0.888 0.066 0.929 0.683
0.433 0.131 0.786 0.165
0.335 0.177 0.749 0.156
0.44 0.2 0.058 0.399
0.885 0.951 0.095 0.321
0.712 0.716 0.458 0.954
0.769 0.137 0.759 0.32
0.972 0.547 0.998 0.343
0.638 0.412 0.461 0.864
0.131 0.832 0.222 0.122
0.406 0.474 0.52 0.516
0.363 0.61 0.687 0.819
0.381 0.301 0.31 0.642
0.047 0.296 0.782 0.581
0.66 0.287 0.528 0.046
0.47 0.608 0.024 0.4
0.911 0.837 0.319 0.059
0.706 0.854 0.51 0.122
0.506 0.668 0.009 0.999
0.131 0.744 0.812 0.711
0.332 0.58 0.779 0.365
0.614 0.745 0.944 0.172
0.675 0.497 0.022 0.813
0.461 0.243 0.632 0.745
0.442 0.548 0.861 0.508
0.204 0.774 0.814 0.747
0.324 0.744 0.618 0.62
0.603 0.888 0.715 0.021
0.998 0.338 0.986 0.808
0.379 0.92 0.246 0.606
0.642 0.88 0.464 0.133
0.819 0.137 0.317 0.629
0.034 0.364 0.552 0.539
0.229 0.619 0.689 0.59
0.019 0.01 0.726 0.164
0.168 0.142 0.896 0.815
0.712 0.199 0.754 0.657
0.775 0.519 0.078 0.121
0.419 0.227 0.43 0.982
0.507 0.892 0.016 0.245
0.316 0.71 0.957 0.711
0.543 0.467 0.951 0.247
0.967 0.884 0.068 0.445
0.599 0.792 0.9 0.361
0.681 0.089 0.713 0.114
0.118 0.341 0.154 0.69
0.686 0.037 0.482 0.503
0.06 0.575 0.415 0.564
0.119 0.508 0.628 0.357
0.893 0.581 0.89 0.634
0.551 0.803 0.123 0.813
0.005 0.276 0.04 0.769
0.303 0.807 0.378 0.338
0.081 0.228 0.003 0.919
0.156 0.826 0.087 0.811
0.388 0.879 0.662 0.602
0.618 0.093 0.639 0.513
0.658 0.75 0.251 0.387
0.764 0.137 0.644 0.685
0.023 0.78 0.717 0.612
0.046 0.632 0.555 0.542
0.775 0.579 0.744 0.054
0.208 0.174 0.09 0.683
0.522 0.809 0.058 0.016
0.054 0.032 0.625 0.211
0.68 0.012 0.939 0.385
0.502 0.604 0.365 0.799
0.581 0.901 0.407 0.545
0.42 0.879 0.703 0.913
0.386 0.834 0.793 0.083
0.049 0.632 0.233 0.999
0.823 0.731 0.133 0.063
0.566 0.758 0.474 0.481
1 0.645 0.511 0.072
0.54 0.729 0.693 0.586
0.041 0.191 0.148 0.377
0.784 0.387 0.676 0.379
0.002 0.304 0.071 0.658
0.324 0.809 0.892 0.71
0.245 0.801 0.184 0.663
0.017 0.122 0.692 0.624
0.169 0.366 0.919 0.547
0.777 0.5 0.253 0.106
0.879 0.933 0.413 0.507
0.735 0.497 0.53 0.111
0.688 0.478 0.535 0.728
0.09 0.047 0.03 0.239
0.58 0.752 0.373 0.489
0.595 0.612 0.118 0.344
0.247 0.148 0.37 0.456
0.72 0.565 0.831 0.425
0.641 0.829 0.783 0.375
0.808 0.998 0.73 0.622
0.995 0.485 0.978 0.139
0.435 0.806 0.345 0.166
0.506 0.076 0.249 0.928
0.413 0.111 0.768 0.344
0.47 0.962 0.079 0.554
0.174 0.384 0.396 0.624
0.903 0.883 0.603 0.857
0.833 0.701 0.724 0.261
0.702 0.517 0.157 0.101
0.777 0.071 0.775 0.213
0.699 0.525 0.128 0.025
0.69 0.83 0.693 0.213
0.73 0.178 0.604 0.785
0.935 0.844 0.394 0.321
0.924 0.151 0.206 0.973
0.36 0.419 0.743 0.51
0.249 0.592 0.79 0.529
0.917 0.87 0.2 0.442
0.203 0.58 0.654 0.456
0.686 0.685 0.704 0.499
0.549 0.313 0.426 0.731
0.989 0.958 0.202 0.85
0.919 0.117 0.002 0.828
0.231 0.827 0.262 0.112
0.737 0.684 0.595 0.432
0.06 0.433 0.421 0.727
0.091 0.244 0.863 0.525
0.152 0.714 0.226 0.806
0.493 0.527 0.701 0.914
0.861 0.229 0.417 0.284
0.04 0.938 0.924 0.751
0.452 0.122 0.852 0.072
0.102 0.718 0.754 0.904
0.483 0.264 0.298 0.717
0.977 0.325 0.796 0.431
0.484 0.175 0.937 0.695
0.567 0.597 0.442 0.56
0.806 0.706 0.116 0.511
0.892 0.165 0.6 0.131
0.932 0.74 0.881 0.156
0.951 0.434 0.54 0.833
0.587 0.699 0.867 0.474
0.471 0.807 0.05 0.572
0.443 0.654 0.63 0.824
0.675 0.642 0.726 0.3
0.94 0.566 0.962 0.209
0.645 0.348 0.863 0.879
0.266 0.484 0.737 0.755
0.853 0.228 0.962 0.353
0.122 0.727 0.367 0.37
0.362 0.528 0.171 0.922
0.019 0.336 0.576 0.606
0.957 0.479 0.834 0.853
0.356 0.951 0.705 0.452
0.026 0.91 0.427 0.997
0.986 0.446 0.999 0.642
0.841 0.281 0.667 0.764
0.578 0.537 0.79 0.657
0.379 0.755 0.958 0.86
0.564 0.571 0.618 0.861
0.731 0.585 0.615 0.452
0.274 0.169 0.068 0.86
0.653 0.362 0.529 0.651
0.764 0.644 0.311 0.004
0.826 0.653 0.96 0.33
0.289 0.274 0.602 0.223
0.943 0.587 0.817 0.79
0.299 0.358 0.527 0.927
0.891 0.307 0.531 0.06
0.427 0.936 0.742 0.771
0.067 0.38 0.493 0.435
0.395 0.347 0.909 0.217
0.554 0.902 0.268 0.732
0.688 0.937 0.549 0.607
0.948 0.704 0.68 0.571
0.731 0.405 0.293 0.8
0.011 0.778 0.875 0.07
0.803 0.102 0.471 0.654
0.255 0.269 0.55 0.339
0.047 0.134 0.108 0.661
0.776 0.266 0.807 0.331
0.503 0.666 0.348 0.491
0.217 0.083 0.914 0.367
0.119 0.935 0.261 0.779
0.282 0.767 0.281 0.224
0.251 0.213 0.831 0.844
0.202 0.464 0.944 0.259
0.504 0.154 0.653 0.802
0.558 0.702 0.26 0.988
0.481 0.77 0.849 0.427
0.51 0.504 0.187 0.713
0.541 0.38 0.748 0.797
0.406 0.545 0.757 0.901
0.022 0.439 0.227 0.814
0.699 0.323 0.534 0.442
0.9 0.899 0.134 0.638
0.502 0.13 0.061 0.064
0.326 0.087 0.729 0.388
0.165 0.384 0.35 0.804
0.045 0.592 0.328 0.705
0.314 0.272 0.8 0.068
0.544 0.806 0.309 0.517
0.136 0.698 0.461 0.68
0.177 0.667 0.22 0.874
0.59 0.009 0.286 0.315
0.383 0.214 0.964 0.06
0.861 0.093 0.605 0.358
0.425 0.6 0.273 0.396
0.463 0.802 0.059 0.937
0.073 0.127 0.747 0.56
0.737 0.746 0.066 0.66
0.006 0.632 0.819 0.816
0.511 0.291 0.19 0.919
0.322 0.721 0.544 0.669
0.915 0.886 0.827 0.927
0.548 0.824 0.077 0.968
0.844 0.827 0.948 0.431
0.863 0.859 0.834 0.52
0.979 0.039 0.658 0.671
0.563 0.88 0.698 0.362
0.387 0.512 0.849 0.772
0.568 0.119 0.201 0.052
0.346 0.241 0.271 0.977
0.153 0.345 0.675 0.819
0.043 0.962 0.172 0.026
0.646 0.596 0.239 0.017
0.74 0.318 0.631 0.769
0.751 0.652 0.019 0.878
0.721 0.488 0.476 0.071
0.077 0.37 0.082 0.596
0.283 0.779 0.539 0.825
0.493 0.117 0.523 0.529
0.96 0.733 0.486 0.295
0.333 0.198 0.002 0.32
0.528 0.191 0.085 0.471
0.57 0.219 0.133 0.213
0.797 0.69 0.705 0.443
0.121 0.008 0.548 0.795
0.229 0.235 0.762 0.189
0.518 0.251 0.224 0.788
0.062 0.321 0.012 0.653
0.921 0.948 0.47 0.879
0.548 0.937 0.903 0.393
0.331 0.47 0.4 0.768
0.467 0.322 0.561 0.612
0.539 0.505 0.12 0.62
0.63 0.136 0.86 0.852
0.863 0.533 0.603 0.453
0.836 0.777 0.807 0.855
0.813 0.389 0.369 0.941
0.597 0.011 0.015 0.033
0.538 0.578 0.779 0.43
0.551 0.09 0.449 0.733
0.112 0.541 0.506 0.511
0.233 0.175 0.475 0.814
0.044 0.598 0.421 0.482
0.189 0.329 0.588 0.741
0.494 0.729 0.644 0.166
0.905 0.994 0.977 0.125
0.026 0.39 0.227 0.935
0.278 0.726 0.67 0.52
0.595 0.136 0.042 0.556
0.922 0.374 0.384 0.39
0.401 0.634 0.958 0.479
0.031 0.32 0.96 0.838
0.039 0.606 0.327 0.003
0.496 0.905 0.204 0.931
0.403 0.62 0.166 0.477
0.295 0.925 0.748 0.448
0.419 0.252 0.358 0.921
0.392 0.266 0.944 0.891
0.086 0.249 0.661 0.879
0.061 0.157 0.154 0.796
0.673 0.192 0.084 0.363
0.453 0.894 0.727 0.698
0.406 0.376 0.845 0.534
0.267 0.116 0.281 0.578
0.539 0.636 0.15 0.333
0.535 0.669 0.848 0.252
0.817 0.406 0.868 0.652
0.774 0.601 0.04 0.7
0.801 0.444 0.999 0.004
0.885 0.916 0.227 0.554
0.97 0.301 0.802 0.231
0.571 0.636 0.005 0.929
0.952 0.271 0.36 0.848
0.693 0.025 0.865 0.483
0.747 0.483 0.878 0.137
0.082 0.245 0.441 0.856
0.522 0.197 0.222 0.549
0.574 0.853 0.442 0.2
0.337 0.507 0.83 0.027
0.174 0.022 0.392 0.616
0.523 0.041 0.415 0.538
0.711 0.372 0.542 0.411
0.45 0.627 0.81 0.343
0.627 0.793 0.074 0.625
0.67 0.118 0.904 0.095
0.901 0.762 0.519 0.628
0.397 0.033 0.428 0.562
0.601 0.747 0.495 0.149
0.658 0.828 0.845 0.849
0.718 0.011 0.096 0.985
0.584 0.24 0.312 0.534
0.09 0.95 0.053 0.821
0.118 0.164 0.982 0.12
0.938 0.13 0.787 0.795
0.07 0.448 0.759 0.472
0.052 0.539 0.725 0.895
0.04 0.189 0.599 0.799
0.892 0.27 0.48 0.774
0.009 0.901 0.246 0.985
0.345 0.244 0.26 0.079
0.296 0.913 0.239 0.95
0.194 0.457 0.485 0.387
0.633 0.601 0.46 0.135
0.605 0.211 0.796 0.753
0.928 0.463 0.994 0.463
0.739 0.835 0.719 0.442
0.139 0.676 0.997 0.399
0.253 0.941 0.602 0.134
0.484 0.524 0.541 0.197
0.349 0.191 0.689 0.029
0.858 0.934 0.616 0.522
0.648 0.383 0.723 0.322
0.864 0.158 0.367 0.623
0.522 0.776 0.805 0.254
0.032 0.321 0.965 0.444
0.351 0.145 0.906 0.707
0.022 0.903 0.436 0.672
0.509 0.906 0.843 0.01
0.65 0.104 0.142 0.459
0.955 0.4 0.56 0.865
0.975 0.703 0.618 0.952
0.512 0.749 0.073 0.541
0.082 0.022 0.809 0.314
0.379 0.438 0.499 0.261
0.463 0.809 0.872 0.664
0.457 0.729 0.314 0.117
0.107 0.895 0.701 0.244
0.277 0.184 0.412 0.151
0.716 0.636 0.086 0.292
0.759 0.428 0.44 0.347
0.927 0.828 0.409 0.828
0.487 0.342 0.65 0.621
0.932 0.134 0.426 0.83
0.949 0.812 0.203 0.682
0.874 0.501 0.574 0.231
0.597 0.167 0.479 0.356
0.639 0.7 0.098 0.757
0.922 0.057 0.065 0.187
0.786 0.268 0.99 0.136
0.271 0.057 0.084 0.076
0.56 0.386 0.104 0.9
0.442 0.481 0.025 0.3
0.01 0.894 0.468 0.187
0.984 0.111 0.538 0.108
0.382 0.976 0.33 0.094
0.675 0.313 0.744 0.718
0.061 0.623 0.155 0.601
0.088 0.777 0.654 0.821
0.409 0.443 0.921 0.433
0.152 0.661 0.003 0.008
0.22 0.37 0.961 0.111
0.2 0.66 0.381 0.175
0.843 0.518 0.893 0.055
0.082 0.83 0.682 0.94
0.566 0.843 0.819 0.899
0.083 0.209 0.485 0.958
0.603 0.684 0.702 0.833
0.816 0.958 0.429 0.215
0.921 0.206 0.326 0.773
0.674 0.571 0.094 0.495
0.937 0.449 0.38 0.157
0.974 0.205 0.705 0.506
0.279 0.901 0.832 0.633
0.435 0.014 0.357 0.499
0.278 0.891 0.804 0.674
0.007 0.656 0.345 0.481
0.909 0.518 0.442 0.157
0.822 0.851 0.737 0.447
0.877 0.607 0.733 0.057
0.96 0.784 0.486 0.878
0.162 0.637 0.891 0.213
0.302 0.22 0.96 0.36
0.627 0.856 0.846 0.364
0.097 0.54 0.471 0.162
0.413 0.615 0.752 0.988
0.803 0.199 0.496 0.824
0.434 0.456 0.86 0.633
0.07 0.278 0.195 0.133
0.36 0.217 0.244 0.639
0.307 0.257 0.676 0.046
0.581 0.199 0.232 0.823
0.122 0.417 0.955 0.983
0.44 0.582 0.298 0.541
0.325 0.373 0.223 0.155
0.131 0.477 0.137 0.027
0.558 0.198 0.63 0.626
0.143 0.407 0.602 0.927
0.018 0.068 0.359 0.56
0.99 0.417 0.332 0.364
0.733 0.136 0.514 0.442
0.182 0.171 0.881 0.329
0.185 0.159 0.577 0.992
0.076 0.36 0.8 0.92
0.106 0.92 0.363 0.701
0.051 0.66 0.467 0.053
0.742 0.292 0.824 0.007
0.451 0.429 0.786 0.138
