3000 3 
0.222 0.377 0.75
0.253 0.801 0.314
0.531 0.941 0.538
0.053 0.957 0.268
0.558 0.91 0.468
0.928 0.272 0.304
0.598 0.235 0.68
0.474 0.696 0.803
0.521 0.892 0.127
0.508 0.86 0.788
0.755 0.062 0.308
0.124 0.165 0.322
0.766 0.628 0.045
0.843 0.282 0.845
0.753 0.734 0.699
0.294 0.18 0.694
0.008 0.159 0.776
0.566 0.012 0.693
0.925 0.849 0.792
0.926 0.302 0.812
0.995 0.418 0.693
0.02 0.457 0.929
0.206 0.199 0.909
0.457 0.571 0.156
0.767 0.049 0.004
0.677 0.412 0.836
0.693 0.711 0.221
0.752 0.816 0.889
0.577 0.635 0.529
0.463 0.335 0.152
0.881 0.366 0.935
0.295 0.947 0.976
0.626 0.343 0.135
0.121 0.239 0.423
0.309 0.169 0.804
0.029 0.123 0.445
0.487 0.292 0.869
0.387 0.981 0.234
0.943 0.988 0.099
0.022 0.089 0.278
0.249 0.262 0.115
0.244 0.814 0.899
0.447 0.491 0.977
0.115 0.356 0.901
0.282 0.448 0.326
0.089 0.288 0.672
0.211 0.787 0.407
0.935 0.945 0.315
0.675 0.658 0.143
0.662 0.168 0.916
0.266 0.414 0.103
0.645 0.412 0.216
0.747 0.076 0.774
0.695 0.662 0.871
0.362 0.872 0.851
0.181 0.732 0.527
0.881 0.942 0.674
0.477 0.559 0.013
0.363 0.997 0.225
0.908 0.934 0.209
0.624 0.594 0.891
0.798 0.444 0.785
0.276 0.658 0.224
0.994 0.362 0.772
0.889 0.917 0.94
0.477 0.554 0.517
0.137 0.393 0.911
0.718 0.547 0.9
0.121 0.579 0.104
0.083 0.327 0.937
0.332 0.133 0.306
0.051 0.091 0.486
0.249 0.568 0.123
0.373 0.006 0.193
0.794 0.842 0.144
0.974 0.362 0.768
0.967 0.817 0.007
0.446 0.074 0.957
0.719 0.102 0.348
0.542 0.793 0.758
0.058 0.305 0.135
0.521 0.577 0.428
0.602 0.174 0.945
0.494 0.638 0.744
0.551 0.016 0.235
0.992 0.261 0.321
0.631 0.716 0.363
0.365 0.842 0.1
0.752 0.045 0.39
0.125 0.093 0.839
0.098 0.938 0.879
0.595 0.831 0.941
0.658 0.604 0.502
0.87 0.144 0.007
0.929 0.428 0.047
0.03 0.14 0.399
0.746 0.098 0.728
0.505 0.25 0.095
0.278 0.475 0.564
0.051 0.306 0.449
0.665 0.299 0.012
0.768 0.107 0.75
0.242 0.569 0.449
0.411 0.252 0.261
0.499 0.932 0.419
0.074 0.343 0.066
0.965 0.79 0.208
0.677 0.083 0.053
0.414 0.219 0.985
0.147 0.462 0.524
0.593 0.933 0.946
0.195 0.597 0.766
0.3 0.438 0.656
0.955 0.51 0.608
0.775 0.893 0.874
0.679 0.313 0.348
0.285 0.487 0.176
0.281 0.12 0.281
0.523 0.57 0.733
0.241 0.563 0.784
0.321 0.407 0.664
0.273 0.337 0.788
0.292 0.75 0.804
0.714 0.152 0.32
0.56 0.077 0.938
0.208 0.888 0.629
0.074 0.611 0.912
0.675 0.876 0.989
0.623 0.214 0.512
0.056 0.51 0.293
0.866 0.238 0.376
0.832 0.148 0.872
0.871 0.307 0.279
0.398 0.443 0.012
0.188 0.046 0.646
0.394 0.328 0.895
0.402 0.027 0.38
0.141 0.178 0.178
0.736 0.856 0.21
0.754 0.963 0.509
0.224 0.093 0.609
0.518 0.467 0.334
0.751 0.514 0.591
0.758 0.742 0.691
0.003 0.13 0.52
0.177 0.363 0.279
0.685 0.165 0.539
0.787 0.019 0.271
0.303 0.879 0.85
0.185 0.067 0.567
0.689 0.55 0.76
0.862 0.301 0.832
0.359 0.82 0.374
0.509 0.004 0.162
0.903 0.567 0.07
0.041 0.496 0.442
0.454 0.165 0.068
0.845 0.087 0.691
0.091 0.878 0.329
0.261 0.424 0.128
0.686 0.306 0.035
0.318 0.431 0.042
0.373 0.294 0.538
0.253 0.546 0.213
0.58 0.2 0.424
0.414 0.474 0.681
0.259 0.267 0.709
0.252 0.961 0.649
0.992 0.894 0.162
0.858 0.408 0.289
0.681 0.801 0.503
0.09 0.632 0.289
0.039 0.044 0.329
0.52 0.337 0.948
0.323 0.79 0.351
0.978 0.6 0.58
0.982 0.362 0.979
0.382 0.244 0.141
0.482 0.16 0.598
0.631 0.088 0.767
0.226 0.678 0.899
0.188 0.749 0.249
0.815 0.668 0.964
0.632 0.598 0.096
0.326 0.432 0.563
0.41 0.045 0.429
0.71 0.736 0.265
0.503 0.34 0.281
0.686 0.843 0.057
0.28 0.864 0.778
0.611 0.601 0.057
0.169 0.022 0.684
0.791 0.247 0.419
0.375 0.583 0.452
0.699 0.326 0.824
0.326 0.919 0.299
0.632 0.69 0.882
0.074 0.367 0.869
0.284 0.746 0.689
0.273 0.433 0.629
0.662 0.081 0.477
0.605 0.343 0.754
0.575 0.288 0.568
0.05 0.202 0.465
0.068 0.854 0.004
0.364 0.349 0.016
0.737 0.683 0.77
0.331 0.226 0.59
0.733 0.143 0.906
0.838 0.637 0.349
0.804 0.726 0.027
0.705 0.119 0.63
0.253 0.63 0.513
0.85 0.418 0.454
0.165 0.588 0.906
0.37 0.336 0.101
0.614 0.091 0.249
0.167 0.515 0.599
0.585 0.392 0.318
0.298 0.394 0.942
0.079 0.523 0.637
0.446 0.222 0.68
0.752 0.775 0.621
0.352 0.208 0.852
0.806 0.066 0.736
0.725 0.641 0.328
0.214 0.174 0.754
0.194 0.945 0.544
0.851 0.352 0.235
0.73 0.702 0.803
0.401 0.46 0.621
0.591 0.546 0.656
0.421 0.977 0.193
0.752 0.636 0.762
0.078 0.595 0.854
0.666 0.355 0.468
0.397 0.221 0.498
0.392 0.525 0.799
0.129 0.604 0.542
0.777 0.717 0.134
0.645 0.781 0.515
0.754 0.263 0.823
0.981 0.163 0.537
0.618 0.308 0.814
0.274 0.236 0.827
0.691 0.388 0.839
0.921 0.697 0.943
0.874 0.968 0.719
0.683 0.741 0.28
0.453 0.841 0.412
0.914 0.712 0.388
0.352 0.537 0.801
0.066 0.528 0.709
0.429 0.133 0.843
0.898 0.284 0.313
0.28 0.602 0.033
0.997 0.115 0.374
0.101 0.163 0.867
0.188 0.09 0.568
0.729 0.029 0.138
0.92 0.604 0.485
0.288 0.832 0.392
0.441 0.987 0.441
0.321 0.95 0.724
0.535 0.944 0.215
0.748 0.207 0.658
0.444 0.214 0.135
0.191 0.811 0.922
0.903 0.133 0.809
0.887 0.452 0.915
0.687 0.739 0.913
0.242 0.96 0.892
0.217 0.477 0.13
0.922 0.458 0.889
0.044 0.275 0.791
0.797 0.727 0.687
0.208 0.457 0.053
0.153 0.901 0.315
0.078 0.738 0.863
0.732 0.048 0.681
0.891 0.131 0.814
0.882 0.945 0.622
0.224 0.255 0.361
0.728 0.663 0.766
0.736 0.779 0.335
0.754 0.718 0.523
0.959 0.147 0.185
0.877 0.973 0.856
0.022 0 0.204
0.676 0.263 0.589
0.791 0.944 0.749
0.792 0.47 0.189
0.26 0.403 0.361
0.158 0.267 0.873
0.231 0.782 0.974
0.916 0.409 0.669
0.848 0.565 0.14
0.955 0.486 0.157
0.842 0.292 0.627
0.14 0.089 0.954
0.685 0.361 0.956
0.981 0.353 0.236
0.345 0.074 0.676
0.564 0.27 0.815
0.373 0.171 0.888
0.906 0.258 0.233
0.241 0.004 0.579
0.629 0.934 0.721
0.068 0.418 0.535
0.281 0.109 0.483
0.536 0.088 0.58
0.373 0.282 0.904
0.642 0.007 0.633
0.798 0.912 0.111
0.407 0.214 0.279
0.226 0.499 0.698
0.377 0.028 0.889
0.407 0.334 0.19
0.533 0.696 0.438
0.82 0.532 0.065
0.123 0.802 0.572
0.234 0.82 0.35
0.949 0.138 0.938
0.769 0.969 0.291
0.179 0.124 0.82
0.768 0.078 0.766
0.767 0.946 0.374
0.359 0.158 0.093
0.301 0.88 0.643
0.973 0.602 0.676
0.57 0.41 0.859
0.735 0.437 0.549
0.21 0.292 0.507
0.095 0.636 0.744
0.033 0.49 0.736
0.018 0.393 0.492
0.718 0.514 0.989
0.292 0.785 0.677
0.34 0.507 0.525
0.305 0.718 0.25
0.434 0.813 0.648
0.245 0.379 0.025
0.047 0.843 0.565
0.002 0.839 0.029
0.277 0.71 0.334
0.978 0.19 0.519
0.005 0.95 0.702
0.107 0.252 0.626
0.348 0.549 0.411
0.458 0.203 0.878
0.314 0.19 0.47
0.949 0.989 0.587
0.639 0.829 0.659
0.175 0.796 0.057
0.997 0.87 0.224
0.479 0.618 0.806
0.204 0.619 0.222
0.505 0.067 0.98
0.205 0.104 0.136
0.323 0.501 0.149
0.638 0.569 0.604
0.302 0.177 0.126
0.181 0.804 0.972
0.212 0.051 0.79
0.438 0.68 0.541
0.861 0.337 0.336
0.899 0.095 0.55
0.066 0.69 0.104
0.21 0.131 0.735
0.75 0.142 0.78
0.694 0.496 0.279
0.736 0.915 0.85
0.836 0.875 0.007
0.672 0.026 0.264
0.296 0.77 0.398
0.461 0.39 0.509
0.8 0.356 0.666
0.667 0.172 0.7
0.264 0.499 0.157
0.616 0.054 0.647
0.982 0.796 0.055
0.827 0.161 0.969
0.713 0.421 0.787
0.042 0.51 0.627
0.055 0.598 0.149
0.357 0.624 0.826
0.804 0.342 0.495
0.966 0.749 0.758
0.82 0.292 0.516
0.303 0.048 0.186
0.306 0.007 0.906
0.403 0.273 0.606
0.424 0.655 0.842
0.921 0.141 0.263
0.948 0.311 0.703
0.779 0.694 0.6
0.259 0.273 0.056
0.944 0.274 0.216
0.971 0.098 0.27
0.908 0.703 0.55
0.358 0.14 0.804
0.514 0.787 0.415
0.964 0.382 0.509
0.613 0.572 0.232
0.001 0.346 0.615
0.984 0.506 0.333
0.113 0.592 0.001
0.737 0.801 0.883
0.157 0.792 0.331
0.091 0.672 0.122
0.776 0.636 0.449
0.276 0.429 0.501
0.457 0.117 0.189
0.615 0.875 0.856
0.001 0.934 0.761
0.46 0.52 0.466
0.427 0.073 0.414
0.496 0.257 0.153
0.697 0.446 0.716
0.359 0.98 0.748
0.082 0.683 0.87
0.223 0.479 0.312
0.292 0.337 0.87
0.873 0.702 0.583
0.345 0.14 0.022
0.321 0.494 0.899
0.139 0.813 0.829
0.457 0.188 0.433
0.712 0.731 0.518
0.503 0.859 0.132
0.474 0.07 0.954
0.528 0.284 0.248
0.85 0.133 0.042
0.824 0.406 0.345
0.856 0.775 0.172
0.184 0.989 0.945
0.022 0.077 0.297
0.777 0.76 0.748
0.855 0.526 0.269
0.466 0.893 0.648
0.153 0.105 0.989
0.767 0.534 0.966
0.033 0.098 0.22
0.787 0.275 0.009
0.689 0.762 0.944
0.065 0.358 0.849
0.45 0.471 0.206
0.412 0.388 0.883
0.43 0.88 0.935
0.814 0.462 0.489
0.247 0.507 0.334
0.296 0.526 0.241
0.325 0.179 0.151
0.097 0.541 0.229
0.655 0.138 0.1
0.081 0.726 0.738
0.729 0.923 0.471
0.276 0.288 0.097
0.677 0.086 0.831
0.739 0.409 0.155
0.182 0.72 0.347
0.182 0.417 0.324
0.194 0.897 0.556
0.289 0.201 0.567
0.613 0.049 0.529
0.904 0.363 0.399
0.256 0.733 0.776
0.583 0.627 0.067
0.2 0.466 0.072
0.671 0.61 0.678
0.066 0.447 0.771
0.039 0.002 0.919
0.765 0.169 0.985
0.133 0.561 0.497
0.232 0.217 0.709
0.666 0.335 0.003
0.879 0.649 0.398
0.76 0.104 0.773
0.005 0.243 0.013
0.287 0.978 0.515
0.988 0.864 0.083
0.413 0.215 0.679
0.651 0.937 0.237
0.536 0.484 0.421
0.749 0.005 0.055
0.144 0.354 0.585
0.304 0.927 0.228
0.388 0.495 0.738
0.208 0.475 0.999
0.979 0.21 0.365
0.012 0.563 0.588
0.461 0.578 0.69
0.783 0.62 0.323
0.889 0.798 0.998
0.814 0.702 0.296
0.312 0.741 0.163
0.122 0.564 0.732
0.393 0.703 0.155
0.827 0.528 0.214
0.349 0.775 0.127
0.682 0.586 0.019
0.664 0.273 0.721
0.004 0.447 0.181
0.653 0.934 0.072
0.657 0.188 0.122
0.091 0.668 0.152
0.536 0.612 0.652
0.161 0.563 0.544
0.83 0.744 0.981
0.944 0.659 0.372
0.862 0.624 0.239
0.093 0.606 0.625
0.909 0.828 0.388
0.475 0.515 0.662
0.54 0.835 0.366
0.303 0.102 0.453
0.426 0.721 0.755
0.529 0.724 0.922
0.461 0.059 0.98
0.405 0.572 0.872
0.523 0.674 0.635
0.198 0.438 0.699
0.956 0.503 0.292
0.548 0.537 0.942
0.079 0.37 0.895
0.256 0.134 0.044
0.687 0.845 0.322
0.812 0.433 0.511
0.809 0.118 0.435
0.132 0.314 0.538
0.327 0.106 0.058
0.485 0.208 0.774
0.715 0.194 0.221
0.986 0.462 0.066
0.301 0.81 0.386
0.901 0.027 0.989
0.213 0.088 0.183
0.124 0.665 0.672
0.404 0.005 0.041
0.893 0.532 0.915
0.887 0.05 0.824
0.108 0.905 0.843
0.912 0.651 0.708
0.554 0.586 0.687
0.648 0.294 0.835
0.235 0.806 0.63
0.272 0.915 0.546
0.859 0.151 0.798
0.436 0.467 0.652
0.214 0.171 0.437
0.063 0.703 0.166
0.548 0.232 0.826
0.919 0.64 0.474
0.105 0.022 0.267
0.466 0.479 0.593
0.604 0.064 0.215
0.322 0.379 0.908
0.817 0.326 0.379
0.82 0.591 0.861
0.461 0.248 0.196
0.108 0.064 0.086
0.926 0.476 0.7
0.475 0.111 0.606
0.91 0.898 0.29
0.965 0.646 0.245
0.198 0.488 0.98
0.06 0.903 0.839
0.6 0.7 0.206
0.379 0.336 0.923
0.581 0.966 0.696
0.261 0.951 0.28
0.226 0.473 0.04
0.51 0.561 0.394
0.57 0.015 0.609
0.981 0.913 0.058
0.862 0.871 0.662
0.62 0.816 0.418
0.671 0.123 0.611
0.855 0.921 0.081
0.512 0.021 0.656
0.168 0.208 0.357
0.737 0.165 0.252
0.784 0.483 0.066
0.457 0.858 0.19
0.114 0.066 0.536
0.521 0.069 0.231
0.007 0.298 0.252
0.043 0.774 0.925
0.966 0.918 0.057
0.214 0.515 0.817
0.608 0.881 0.786
0.097 0.6 0.133
0.85 0.921 0.779
0.108 0.373 0.542
0.797 0.611 0.635
0.646 0.962 0.537
0.352 0.941 0.147
0.244 0.581 0.225
0.177 0.13 0.061
0.722 0.035 0.287
0.196 0.037 0.515
0.516 0.628 0.2
0.915 0.894 0.484
0.856 0.483 0.634
0.674 0.675 0.398
0.82 0.259 0.246
0.845 0.879 0.218
0.16 0.364 0.303
0.828 0.213 0.271
0.636 0.14 0.828
0.471 0.258 0.935
0.474 0.548 0.565
0.299 0.593 0.115
0.89 0.705 0.061
0.9 0.172 0.19
0.083 0.408 0.893
0.511 0.571 0.333
0.56 0.156 0.248
0.221 0.683 0.038
0.99 0.746 0.842
0.049 0.745 0.967
0.082 0.226 0.217
0.261 0.405 0.526
0.359 0.363 0.14
0.563 0.191 0.474
0.594 0.263 0
0.064 0.678 0.856
0.538 0.892 0.505
0.012 0.967 0.026
0.449 0.212 0.152
0.442 0.631 0.211
0.928 0.196 0.272
0.839 0.3 0.526
0.954 0.174 0.252
0.828 0.789 0.856
0.137 0.612 0.747
0.873 0.085 0.585
0.584 0.011 0.192
0.422 0.814 0.908
0.871 0.171 0.748
0.932 0.623 0.974
0.921 0.829 0.892
0.988 0.897 0.802
0.997 0.062 0.094
0.717 0.656 0.84
0.693 0.619 0.565
0.573 0.556 0.718
0.531 0.593 0.799
0.392 0.055 0.646
0.445 0.923 0.064
0.575 0.34 0.136
0.018 0.196 0.734
0.148 0.802 0.082
0.911 0.296 0.288
0.953 0.646 0.065
0.174 0.613 0.017
0.503 0.975 0.824
0.557 0.432 0.166
0.103 0.297 0.617
0.552 0.64 0.698
0.596 0.92 0.837
0.87 0.394 0.592
0.482 0.461 0.827
0.898 0.975 0.248
0.569 0.819 0.063
0.427 0.573 0.184
0.612 0.398 0.205
0.455 0.376 0.964
0.369 0.901 0.876
0.335 0.498 0.32
0.289 0.07 0.844
0.787 0.238 0.912
0.259 0.356 0.16
0.944 0.399 0.447
0.985 0.601 0.612
0.354 0.744 0.759
0.597 0.903 0.302
0.376 0.784 0.463
0.731 0.929 0.544
0.743 0.197 0.763
0.714 0.498 0.329
0.396 0.436 0.772
0.498 0.673 0.961
0.81 0.673 0.323
0.785 0.23 0.017
0.886 0.623 0.321
0.706 0.451 0.049
0.22 0.763 0.352
0.978 0.981 0.659
0.11 0.077 0.993
0.668 0.481 0.7
0.554 0.181 0.115
0.614 0.646 0.059
0.006 0.478 0.831
0.324 0.6 0.99
0.573 0.641 0.846
0.062 0.415 0.036
0.134 0.124 0.971
0.713 0.672 0.903
0.367 0.637 0.985
0.619 0.437 0.813
0.688 0.544 0.495
0.346 0.523 0.265
0.03 0.063 0.173
0.283 0.184 0.945
0.592 0.903 0.373
0.597 0.125 0.788
0.344 0.858 0.004
0.582 0.513 0.847
0.906 0.561 0.538
0.432 0.335 0.368
0.964 0.579 0.707
0.337 0.724 0.498
0.216 0.377 0.19
0.005 0.158 0.887
0.208 0.746 0.643
0.486 0.165 0.119
0.305 0.537 0.158
0.338 0.631 0.587
0.259 0.393 0.131
0.814 0.849 0.437
0.189 0.231 0.11
0.469 0.098 0.281
0.563 0.64 0.009
0.233 0.348 0.742
0.747 0.796 0.846
0.142 0.727 0.824
0.496 0.996 0.771
0.075 0.905 0.078
0.166 0.522 0.326
0.817 0.056 0.945
0.016 0.848 0.935
0.637 0.654 0.043
0.922 0.033 0.228
0.499 0.886 0.004
0.504 0.378 0.821
0.901 0.842 0.471
0.91 0.733 0.823
0.609 0.224 0.134
0.697 0.394 0.016
0.263 0.38 0.602
0.454 0.44 0.904
0.12 0.395 0.959
0.892 0.26 0.734
0.236 0.677 0.804
0.322 0.749 0.934
0.1 0.485 0.014
0.699 0.445 0.502
0.697 0.166 0.722
0.279 0.115 0.436
0.975 0.687 0.439
0.693 0.914 0.845
0.299 0.578 0.676
0.96 0.039 0.01
0.584 0.509 0.536
0.686 0.318 0.898
0.144 0.778 0.531
0.392 0.02 0.197
0.722 0.694 0.922
0.937 0.944 0.626
0.375 0.11 0.342
0.148 0.57 0.643
0.529 0.985 0.039
0.762 0.04 0.064
0.385 0.944 0.219
0.794 0.022 0.224
0.584 0.729 0.893
0.962 0.382 0.515
0.229 0.121 0.012
0.829 0.253 0.812
0.229 0.579 0.006
0.377 0.484 0.122
0.073 0.722 0.385
0.45 0.855 0.876
0.644 0.96 0.617
0.271 0.879 0.803
0.13 0.523 0.806
0.869 0.548 0.488
0.39 0.144 0.754
0.261 0.899 0.621
0.449 0.691 0.552
0.686 0.026 0.017
0.04 0.666 0.246
0.492 0.951 0.787
0.67 0.685 0.255
0.642 0.426 0.848
0.15 0.61 0.227
0.122 0.917 0.79
0.972 0.571 0.035
0.885 0.678 0.561
0.504 0.172 0.665
0.212 0.936 0.927
0.957 0.329 0.528
0.14 0.97 0.508
0.92 0.974 0.595
0.58 0.181 0.346
0.59 0.983 0.731
0.935 0.298 0.269
0.596 0.28 0.36
0.561 0.68 0.805
0.784 0.75 0.763
0.29 0.949 0.926
0.173 0.427 0.676
0.171 0.883 0.551
0.171 0.899 0.118
0.048 0.114 0.248
0.602 0.17 0.332
0.493 0.454 0.908
0.554 0.454 0.631
0.468 0.96 0.072
0.22 0.921 0.559
0.701 0.721 0.498
0.871 0.908 0.087
0.56 0.946 0.119
0.766 0.512 0.856
0.122 0.79 1
0.351 0.576 0.319
0.841 0.432 0.925
0.445 0.589 0.321
0.516 0.17 0.041
0.321 0.46 0.888
0.662 0.769 0.042
0.341 0.85 0.73
0.506 0.316 0.472
0.516 0.319 0.074
0.746 0.676 0.79
0.305 0.58 0.225
0.438 0.348 0.511
0.049 0.267 0.483
0.904 0.517 0.603
0.841 0.911 0.775
0.256 0.999 0.021
0.266 0.5 0.142
0.472 0.625 0.561
0.055 0.76 0.463
0.967 0.102 0.642
0.571 0.68 0.448
0.836 0.271 0.395
0.895 0.542 0.894
0.622 0.675 0.299
0.851 0.032 0.166
0.245 0.089 0.404
0.902 0.197 0.797
0.007 0.846 0.929
0.102 0.745 0.163
0.366 0.202 0.776
0.91 0.176 0.241
0.93 0.034 0.55
0.239 0.715 0.111
0.187 0.783 0.99
0.985 0.818 0.684
0.724 0.494 0.268
0.676 0.849 0.968
0.311 0.567 0.873
0.231 0.235 0.663
0.457 0.91 0.267
0.094 0.721 0.249
0.917 0.039 0.224
0.098 0.429 0.609
0.395 0.216 0.693
0.973 0.929 0.644
0.285 0.588 0.705
0.735 0.944 0.653
0.326 0.658 0.972
0.225 0.576 0.206
0.211 0.261 0.542
0.803 0.331 0.826
0.909 0.976 0.069
0.593 0.564 0.034
0.752 0.868 0.902
0.956 0.128 0.721
0.795 0.935 0.703
0.415 0.703 0.563
0.1 0.172 0.052
0.67 0.89 0.193
0.018 0.769 0.367
0.681 0.037 0.967
0.103 0.238 0.244
0.809 0.291 0.267
0.455 0.705 0.594
0.711 0.654 0.782
0.846 0.072 0.155
0.453 0.338 0.334
0.783 0.464 0.404
0.643 0.215 0.844
0.684 0.636 0.889
0.455 0.091 0.552
0.133 0.944 0.753
0.481 0.088 0.316
0.406 0.735 0.877
0.338 0.728 0.64
0.195 0.357 0.587
0.731 0.764 0.25
0.072 0.845 0.238
0.506 0.366 0.739
0.676 0.214 0.789
0.456 0.13 0.471
0.144 0.932 0.557
0.463 0.345 0.036
0.019 0.314 0.081
0.797 0.307 0.486
0.989 0.626 0.051
0.165 0.83 0.925
0.252 0.07 0.055
0.546 0.974 0.108
0.759 0.3 0.191
0.894 0.324 0.878
0.974 0.837 0.664
0.07 0.487 0.726
0.177 0.056 0.468
0.525 0.013 0.745
0.162 0.116 0.048
0.966 0.165 0.39
0.935 0.732 0.823
0.506 0.842 0.49
0.929 0.82 0.826
0.111 0.162 0.548
0.043 0.416 0.872
0.881 0.608 0.807
0.805 0.338 0.324
0.16 0.507 0.622
0.067 0.315 0.012
0.346 0.839 0.228
0.834 0.678 0.612
0.344 0.963 0.753
0.271 0.745 0.684
0.219 0.665 0.596
0.125 0.658 0.845
0.655 0.1 0.541
0.536 0.389 0.406
0.291 0.343 0.414
0.442 0.208 0.138
0.677 0.352 0.125
0.93 0.28 0.032
0.044 0.848 0.85
0.522 0.885 0.702
0.362 0.281 0.911
0.746 0.854 0.283
0.121 0.047 0.01
0.48 0.842 0.278
0.329 0.809 0.724
0.491 0.782 0.087
0.462 0.078 0.328
0.262 0.6 0.372
0.222 0.949 0.169
0.511 0.772 0.808
0.762 0.179 0.006
0.973 0.234 0.964
0.633 0.073 0.324
0.186 0.1 0.102
0.825 0.878 0.32
0.568 0.476 0.25
0.774 0.399 0.635
0.551 0.608 0.436
0.693 0.765 0.648
0.932 0.993 0.945
0.437 0.567 0.694
0.539 0.612 0.483
0.377 0.08 0.231
0.787 0.518 0.954
0.643 0.824 0.693
0.581 0.254 0.378
0.513 0.344 0.627
0.165 0.169 0.2
0.204 0.842 0.657
0.412 0.831 0.575
0.532 0.464 0.155
0.074 0.706 0.158
0.664 0.155 0.345
0.214 0.834 0.35
0.61 0.65 0.576
0.233 0.35 0.086
0.814 0.934 0.02
0.29 0.32 0.317
0.837 0.749 0.229
0.085 0.91 0.347
0.556 0.181 0.276
0.943 0.647 0.997
0.935 0.462 0.345
0.158 0.691 0.967
0.922 0.275 0.571
0.452 0.19 0.664
0.221 0.511 0.053
0.856 0.342 0.768
0.95 0.999 0.407
0.862 0.094 0.3
0.922 0.5 0.178
0.897 0.343 0.37
0.278 0.092 0.728
0.776 0.444 0.192
0.608 0.666 0.896
0.313 0.601 0.828
0.474 0.444 0.525
0.568 0.652 0.407
0.385 0.446 0.225
0.968 0.442 0.151
0.239 0.704 0.854
0.503 0.514 0.54
0.616 0.835 0.624
0.357 0.045 0.365
0.423 0.39 0.5
0.309 0.618 0.487
0.708 0.028 0.315
0.864 0.35 0.112
0.713 0.905 0.87
0.815 0.243 0.132
0.29 0.176 0.877
0.373 0.061 0.729
0.373 0.128 0.946
0.451 0.803 0.771
0.579 0.568 0.209
0.434 0.629 0.78
0.956 0.322 0.429
0.599 0.899 0.889
0.933 0.303 0.516
0.469 0.979 0.331
0.85 0.551 0.947
0.614 0.114 0.459
0.91 0.089 0.943
0.471 0.312 0.528
0.985 0.814 0.507
0.969 0.69 0.038
0.987 0.278 0.779
0.608 0.319 0.092
0.604 0.314 0.451
0.043 0.613 0.827
0.316 0.557 0.578
0.531 0.381 0.683
0.553 0.07 0.182
0.193 0.401 0.504
0.412 0.675 0.383
0.382 0.392 0.763
0.35 0.488 0.568
0.771 0.663 0.141
0.533 0.849 0.875
0.854 0.651 0.012
0.381 0.246 0.639
0.814 0.181 0.769
0.395 0.718 0.746
0.696 0.365 0.249
0.217 0.306 0.93
0.029 0.161 0.701
0.98 0.439 0.211
0.681 0.254 0.432
0.258 0.55 0.602
0.255 0.999 0.794
0.466 0.72 0.297
0.932 0.55 0.366
0.428 0.686 0.395
0.916 0.996 0.846
0.615 0.009 0.245
0.022 0.682 0.871
0.294 0.714 0.955
0.957 0.339 0.25
0.165 0.462 0.445
0.797 0.782 0.187
0.102 0.629 0.925
0.775 0.513 0.971
0.407 0.421 0.671
0.456 0.7 0.852
0.676 0.349 0.105
0.046 0.971 0.81
0.087 0.967 0.212
0.292 0.306 0.252
0.051 0.893 0.087
0.538 0.094 0.772
0.234 0.937 0.092
0.418 0.666 0.5
0.169 0.136 0.182
0.878 0.64 0.852
0.419 0.167 0.799
0.418 0.886 0.152
0.59 0.589 0.599
0.897 0.742 0.125
0.129 0.786 0.153
0.106 0.679 0.599
0.894 0.008 0.616
0.005 0.719 0.865
0.272 0.469 0.991
0.654 0.548 0.439
0.626 0.34 0.041
0.657 0.309 0.925
0.208 0.093 0.932
0.454 0.5 0.92
0.009 0.729 0.917
0.35 0.831 0.238
0.511 0.241 0.791
0.353 0.755 0.437
0.358 0.962 0.735
0.143 0.679 0.879
0.133 0.516 0.359
0.057 0.371 0.081
0.861 0.138 0.382
0.476 0.316 0.513
0.837 0.752 0.543
0.553 0.174 0.904
0.505 0.845 0.8
0.156 0.686 0.085
0.015 0.7 0.827
0.631 0.573 0.561
0.773 0.327 0.45
0.533 0.432 0.847
0.982 0.978 0.805
0.402 0.918 0.046
0.501 0.6 0.314
0.951 0.136 0.796
0.592 0.418 0.897
0.577 0.186 0.649
0.873 0.993 0.657
0.781 0.875 0.898
0.237 0.388 0.474
0.36 0.342 0.305
0.253 0.973 0.905
0.59 0.701 0.941
0.866 0.457 0.941
0.542 0.492 0.637
0.666 0.54 0.098
0.301 0.401 0.332
0.243 0.219 0.421
0.796 0.436 0.505
0.386 0.262 0.461
0.589 0.772 0.154
0.773 0.831 0.658
0.432 0.624 0.343
0.157 0.548 0.71
0.17 0.35 0.127
0.751 0.397 0.407
0.362 0.485 0.663
0.502 0.077 0.068
0.616 0.828 0.184
0.505 0.061 0.364
0.182 0.811 0.642
0.005 0.295 0.15
0.117 0.389 0.596
0.879 0.173 0.855
0.036 0.355 0.103
0.42 0.108 0.394
0.679 0.355 0.467
0.602 0.662 0.775
0.01 0.35 0.833
0.598 0.246 0.891
0.062 0.767 0.769
0.299 0.906 0.249
0.047 0.172 0.11
0.186 0.896 0.248
0.034 0.018 0.949
0.55 0.135 0.527
0.831 0.236 0.756
0.749 0.577 0.535
0.524 0.498 0.234
0.483 0.953 0.258
0.662 0.194 0.605
0.116 0.991 0.405
0.848 0.752 0.81
0.74 0.47 0.025
0.351 0.117 0.54
0.464 0.972 0.053
0.222 0.604 0.37
0.905 0.759 0.065
0.128 0.798 0.283
0.222 0.89 0.43
0.105 0.751 0.229
0.086 0.389 0.607
0.713 0.782 0.188
0.323 0.026 0.358
0.596 0.928 0.174
0.034 0.545 0.456
0.83 0.951 0.822
0.726 0.832 0.638
0.021 0.859 0.571
0.972 0.051 0.853
0.016 0.069 0.759
0.668 0.728 0.696
0.675 0.463 0.55
0.406 0.891 0.169
0.399 0.976 0.738
0.688 0.63 0.536
0.056 0.285 0.459
0.833 0.348 0.041
0.349 0.27 0.94
0.648 0.79 0.628
0.939 0.058 0.657
0.334 0.647 0.095
0.855 0.322 0.934
0.746 0.887 0.432
0.657 0.599 0.572
0.992 0.279 0.581
0.162 0.365 0.698
0.787 0.019 0.126
0.797 0.898 0.389
0.191 0.065 0.141
0.974 0.612 0.985
0.725 0.203 0.276
0.761 0.405 0.238
0.16 0.657 0.158
0.875 0.332 0.967
0.982 0.445 0.177
0.622 0.062 0.53
0.19 0.831 0.22
0.169 0.759 0.672
0.996 0.803 0.46
0.354 0.1 0.338
0.02 0.256 0.257
0.159 0.267 0.246
0.708 0.462 0.885
0.244 0.61 0.063
0.126 0.143 0.541
0.885 0.12 0.802
0.145 0.24 0.098
0.64 0.368 0.912
0.963 0.353 0.505
0.08 0.043 0.716
0.777 0.939 0.371
0.265 0.122 0.206
0.737 0.099 0.468
0.727 0.847 0.245
0.926 0.048 0.059
0.855 0.499 0.259
0.768 0.564 0.51
0.508 0.851 0.672
0.779 0.182 0.804
0.372 0.488 0.741
0.339 0.012 0.024
0.707 0.472 0.124
0.783 0.01 0.641
0.136 0.023 0.238
0.859 0.063 0.18
0.337 0.12 0.042
0.668 0.864 0.763
0.422 0.497 0.152
0.227 0.665 0.286
0.928 0.061 0.603
0.138 0.165 0.203
0.74 0.357 0.687
0.683 0.912 0.802
0.896 0.926 0.639
0.483 0.932 0.886
0.721 0.156 0.929
0.535 0.527 0.442
0.063 0.296 0.201
0.398 0.617 0.858
0.586 0.197 0.522
0.5 0.101 0.198
0.21 0.07 0.674
0.098 0.69 0.429
0.767 0.916 0.969
0.039 0.615 0.845
0.114 0.667 0.107
0.006 0.245 0.789
0.564 0.229 0.979
0.377 0.926 0.979
0.653 0.901 0.495
0.635 0.663 0.098
0.496 0.973 0.982
0.727 0.744 0.978
0.279 0.738 0.334
0.1 0.698 0.009
0.578 0.923 0.682
0.98 0.434 0.976
0.264 0.589 0.06
0.966 0.785 0.436
0.927 0.001 0.408
0.569 0.286 0.656
0.826 0.491 0.902
0.139 0.609 0.912
0.769 0.078 0.239
0.395 0.46 0.769
0.249 0.658 0.018
0.073 0.849 0.419
0.122 0.399 0.979
0.324 0.021 0.974
0.361 0.856 0.407
0.496 0.978 0.94
0.899 0.285 0.686
0.449 0.717 0.844
0.257 0.218 0.796
0.988 0.26 0.013
0.91 0.483 0.446
0.301 0.636 0.078
0.274 0.94 0.765
0.796 0.258 0.304
0.341 0.041 0.489
0.505 0.321 0.378
0.032 0.553 0.068
0.359 0.377 0.668
0.897 0.673 0.282
0.748 0.653 0.338
0.402 0.284 0.52
0.967 0.617 0.369
0.095 0.858 0.497
0.628 0.325 0.161
0.955 0.486 0.918
0.195 0.656 0.431
0.536 0.516 0.74
0.666 0.65 0.275
0.72 0.408 0.236
0.073 0.941 0.781
0.897 0.938 0.951
0.836 0.812 0.322
0.514 0.212 0.576
0.783 0.208 0.219
0.911 0.717 0.916
0.385 0.834 0.868
0.9 0.681 0.297
0.745 0.296 0.697
0.297 0.673 0.245
0.908 0.373 0.216
0.851 0.021 0.892
0.924 0.228 0.202
0.957 0.297 0.568
0.012 0.585 0.278
0.723 0.996 0.487
0.594 0.382 0.439
0.953 0.483 0.986
0.537 0.512 0.99
0.436 0.2 0.869
0.212 0.433 0.658
0.233 0.111 0.998
0.989 0.16 0.412
0.771 0.952 0.588
0.643 0.805 0.457
0.623 0.456 0.623
0.86 0.286 0.43
0.806 0.442 0.78
0.039 0.172 0.275
0.484 0.915 0.233
0.451 0.785 0.038
0.436 0.797 0.176
0.166 0.791 0.197
0.726 0.607 0.19
0.083 0.074 0.401
0.093 0.086 0.587
0.03 0.762 0.031
0.676 0.343 0.964
0.379 0.403 0.809
0.972 0.347 0.689
0.556 0.815 0.938
0.471 0.873 0.436
0.107 0.867 0.557
0.192 0.505 0.695
0.708 0.728 0.944
0.001 0.651 0.948
0.306 0.746 0.914
0.459 0.036 0.68
0.621 0.822 0.608
0.005 0.656 0.741
0.266 0.506 0.111
0.445 0.701 0.504
0.606 0.927 0.872
0.692 0.799 0.202
0.791 0.476 0.874
0.319 0.771 0.017
0.837 0.487 0.445
0.243 0.431 0.528
0.389 0.205 0.883
0.057 0.043 0.743
0.054 0.781 0.757
0.742 0.21 0.575
0.498 0.266 0.362
0.71 0.538 0.312
0.781 0.203 0.981
0.771 0.3 0.176
0.696 0.902 0.315
0.343 0.383 0.941
0.329 0.91 0.347
0.54 0.178 0.225
0.848 0.974 0.005
0.023 0.217 0.284
0.294 0.319 0.02
0.852 0.083 0.893
0.397 0.364 0.442
0.774 0.77 0.514
0.159 0.469 0.64
0.452 0.124 0.58
0.403 0.591 0.842
0.917 0.991 0.181
0.064 0.729 0.04
0.88 0.619 0.051
0.179 0.341 0.627
0.068 0.331 0.588
0.757 0.836 0.3
0.677 0.485 0.921
0.744 0.816 0.401
0.357 0.178 0.199
0.316 0.98 0.875
0.148 0.118 0.352
0.253 0.688 0.122
0.138 0.1 0.397
0.874 0.193 0.731
0.996 0.799 0.004
0.989 0.665 0.91
0.452 0.999 0.041
0.885 0.698 0.139
0.752 0.483 0.969
0.414 0.09 0.921
0.439 0.108 0.855
0.523 0.603 0.163
0.589 0.355 0.369
0.11 0.61 0.186
0.561 0.831 0.143
0.048 0.353 0.322
0.58 0.028 0.707
0.317 0.058 0.159
0.046 0.013 0.543
0.732 0.57 0.232
0.063 0.649 0.733
0.341 0.677 0.911
0.54 0.817 0.623
0.473 0.949 0.824
0.93 0.659 0.529
0.472 0.746 0.301
0.708 0.725 0.475
0.05 0.002 0.535
0.402 0.129 0.33
0.805 0.658 0.168
0.115 0.735 0.864
0.019 0.896 0.41
0.253 0.3 0.94
0.428 0.375 0.166
0.107 0.662 0.765
0.58 0.837 0.349
0.239 0.809 0.186
0.279 0.146 0.001
0.095 0.538 0.151
0.892 0.052 0.102
0.015 0.944 0.792
0.781 0.71 0.498
0.295 0.551 0.565
0.921 0.768 0.345
0.821 0.435 0.404
0.231 0.057 0.424
0.389 0.588 0.694
0.47 0.216 0.235
0.798 0.334 0.576
0.221 0.672 0.953
0.931 0.632 0.337
0.258 0.091 0.625
0.489 0.866 0.532
0.18 0.406 0.095
0.838 0.062 0.819
0.609 0.786 0.36
0.951 0.826 0.347
0.129 0.438 0.398
0.433 0.783 0.012
0.333 0.927 0.026
0.172 0.357 0.867
0.654 0.286 0.056
0.099 0.703 0.656
0.697 0.032 0.312
0.946 0.741 0.673
0.463 0.952 0.008
0.232 0.666 0.043
0.734 0.097 0.917
0.666 0.867 0.039
0.035 0.1 0.331
0.903 0.954 0.469
0.051 0.826 0.867
0.621 0.281 0.42
0.83 0.901 0.713
0.213 0.886 0.856
0.2 0.958 0.733
0.873 0.331 0.663
0.3 0.678 0.698
0.797 0.792 0.172
0.625 0.298 0.303
0.495 0.553 0.755
0.314 0.894 0.178
0.48 0.331 0.783
0.944 0.498 0.796
0.347 0.996 0.925
0.892 0.998 0.666
0.564 0.822 0.238
0.868 0.975 0.778
0.152 0.498 0.58
0.84 0.251 0.5
0.857 0.841 0.41
0.126 0.215 0.72
0.246 0.242 0.643
0.821 0.402 0.567
0.923 0.352 0.992
0.434 0.289 0.981
0.246 0.49 0.384
0.49 0.272 0.712
0.449 0.969 0.152
0.804 0.299 0.561
0.333 0.47 0.228
0.856 0.414 0.911
0.173 0.41 0.353
0.609 0.392 0.69
0.723 0.84 0.178
0.425 0.74 0.661
0.634 0.82 0.127
0.024 0.135 0.384
0.699 0.139 0.302
0.838 0.845 0.734
0.901 0.889 0.328
0.477 0.915 0.941
0.254 0.236 0.72
0.984 0.299 0.364
0.519 0.114 0.485
0.824 0.923 0.523
0.894 0.599 0.378
0.883 0.155 0.667
0.462 0.241 0.37
0.906 0.372 0.445
0.731 0.785 0.533
0.994 0.29 0.856
0.946 0.518 0.022
0.503 0.898 0.213
0.7 0.624 0.32
0.567 0.625 0.412
0.524 0.727 0.628
0.347 0.597 0.792
0.422 0.026 0.822
0.598 0.068 0.154
0.542 0.214 0.183
0.64 0.799 0.732
0.607 0.733 0.859
0.044 0.519 0.803
0.592 0.312 0.888
0.678 0.905 0.818
0.559 0.551 0.916
0.716 0.977 0.834
0.433 0.365 0.24
0.548 0.63 0.04
0.31 0.546 0.649
0.995 0.715 0.898
0.853 0.123 0.152
0.554 0.408 0.592
0.722 0.279 0.078
0.916 0.078 0.876
0.842 0.286 0.821
0.541 0.916 0.005
0.996 0.637 0.375
0.626 0.707 0.957
0.15 0.23 0.367
0.928 0.102 0.403
0.229 0.73 0.172
0.622 0.67 0.095
0.363 0.351 0.228
0.848 0.61 0.777
0.475 0.094 0.432
0.534 0.308 0.367
0.968 0.315 0.22
0.656 0.409 0.893
0.558 0.941 0.29
0.421 0.339 0.306
0.59 0.036 0.326
0.962 0.027 0.301
0.186 0.458 0.325
0.98 0.621 0.782
0.731 0.449 0.738
0.419 0.896 0.927
0.557 0.482 0.094
0.836 0.006 0.465
0.167 0.194 0.972
0.681 0.339 0.331
0.127 0.566 0.207
0.063 0.76 0.81
0.657 0.127 0.082
0.867 0.194 0.312
0.585 0.414 0.358
0.568 0.091 0.343
0.341 0.573 0.94
0.625 0.407 0.119
0.201 0.003 0.348
0.064 0.861 0.113
0.088 0.072 0.899
0.449 0.76 0.061
0.499 0.647 0.946
0.861 0.331 0.569
0.069 0.686 0.102
0.27 0.473 0.104
0.58 0.972 0.425
0.36 0.762 0.895
0.014 0.201 0.867
0.227 0.313 0.752
0.16 0.645 0.079
0.581 0.556 0.855
0.727 0.424 0.054
0.089 0.358 0.497
0.244 0.96 0.076
0.455 0.086 0.411
0.413 0.602 0.645
0.569 0.666 0.28
0.102 0.146 0.259
0.636 0.384 0.006
0.327 0.699 0.729
0.931 0.516 0.687
0.606 0.275 0.858
0.747 0.669 0.164
0.002 0.401 0.663
0.613 0.734 0.637
0.517 0.062 0.477
0.72 0.887 0.327
0.105 0.664 0.876
0.139 0.592 0.253
0.985 0.671 0.131
0.79 0.258 0.029
0.645 0.275 0.902
0.093 0.167 0.732
0.483 0.717 0.07
0.952 0.289 0.471
0.278 0.369 0.081
0.624 0.108 0.95
0.421 0.165 0.65
0.675 0.486 0.658
0.346 0.657 0.514
0.002 0.524 0.728
0.71 0.499 0.605
0.613 0.779 0.454
0.768 0.524 0.678
0.335 0.38 0.618
0.952 0.211 0.157
0.326 0.63 0.403
0.328 0.65 0.841
0.056 0.61 0.799
0.482 0.473 0.703
0.578 0.545 0.594
0.933 0.944 0.879
0.105 0.84 0.135
0.842 0.292 0.508
0.996 0.851 0.722
0.378 0.708 0.698
0.919 0.372 0.593
0.149 0.456 0.382
0.008 0.254 0.182
0.735 0.678 0.144
0.759 0.411 0.404
0.603 0.344 0.669
0.545 0.127 0.51
0.035 0.186 0.132
0.947 0.429 0.603
0.115 0.508 0.95
0.427 0.665 0.493
0.061 0.702 0.2
0.303 0.732 0.96
0.067 0.397 0.684
0.34 0.963 0.152
0.789 0.174 0.742
0.979 0.404 0.465
0.51 0.769 0.566
0.234 0.586 0.182
0.846 0.141 0.754
0.633 0.464 0.356
0.516 0.147 0.516
0.329 0.884 0.667
0.42 0.42 0.337
0.494 0.838 0.593
0.401 0.352 0.607
0.268 0.391 0.085
0.683 0.249 0.438
0.658 0.148 0.352
0.61 0.765 0.605
0.012 0.873 0.684
0.849 0.708 0.919
0.218 0.659 0.652
0.396 0.921 0.581
0.914 0.276 0.884
0.262 0.886 0.635
0.948 0.186 0.852
0.176 0.744 0.845
0.092 0.714 0.351
0.149 0.859 0.66
0.046 0.641 0.776
0.336 0.391 0.703
0.96 0.914 0.599
0.318 0.633 0.742
0.454 0.855 0.11
0.213 0.558 0.707
0.276 0.891 0.372
0.492 0.73 0.145
0.544 0.887 0.781
0.281 0.675 0.057
0.226 0.177 0.36
0.572 0.538 0.436
0.923 0.128 0.065
0.137 0.541 0.511
0.592 0.647 0.081
0.266 0.636 0.47
0.881 0.958 0.748
0.282 0.463 0.77
0.552 0.627 0.289
0.345 0.918 0.52
0.254 0.173 0.249
0.039 0.446 0.165
0.449 0.673 0.645
0.955 0.96 0.869
0.244 0.835 0.715
0.625 0.908 0.072
0.004 0.05 0.626
0.57 0.033 0.222
0.543 0.983 0.153
0.334 0.646 0.201
0.842 0.83 0.685
0.222 0.411 0.656
0.149 0.451 0.648
0.124 0.859 0.43
0.838 0.787 0.967
0.756 0.335 0.385
0.663 0.724 0.733
0.051 0.283 0.593
0.371 0.97 0.234
0.233 0.125 0.465
0.37 0.048 0.944
0.005 0.427 0.798
0.949 0.923 0.056
0.374 0.646 0.057
0.209 0.515 0.175
0.266 0.608 0.238
0.516 0.145 0.25
0.091 0.205 0.424
0.333 0.517 0.055
0.621 0.043 0.116
0.338 0.245 0.116
0.537 0.498 0.957
0.034 0.09 0.643
0.2 0.131 0.069
0.215 0.823 0.852
0.181 0.381 0.22
0.852 0.369 0.806
0.266 0.224 0.153
0.193 0.005 0.525
0.778 0.724 0.107
0.267 0.489 0.894
0.18 0.584 0.138
0.19 0.681 0.559
0.267 0.545 0.919
0.839 0.007 0.547
0.843 0.577 0.679
0.325 0.836 0.463
0.9 0.298 0.551
0.62 0.73 0.027
0.851 0.323 0.452
0.34 0.842 0.625
0.867 0.193 0.99
0.237 0.016 0.676
0.493 0.805 0.147
0.583 0.296 0.186
0.478 0.622 0.01
0.442 0.693 0.761
0.304 0.428 0.639
0.052 0.827 0.851
0.902 0.255 0.448
0.484 0.605 0.272
0.764 0.91 0.522
0.468 0.656 0.154
0.391 0.192 0.327
0.503 0.524 0.166
0.628 0.146 0.769
0.06 0.153 0.624
0.26 0.201 0.164
0.551 0.09 0.987
0.845 0.103 0.821
0.009 0.405 0.741
0.785 0.345 0.862
0.906 0.869 0.092
0.047 0.712 0.032
0.181 0.544 0.932
0.623 0.089 0.245
0.134 0.945 0.995
0.164 0.862 0.77
0.066 0.705 0.803
0.288 0.185 0.634
0.855 0.087 0.374
0.271 0.511 0.042
0.483 0.706 0.69
0.696 0.831 0.018
0.894 0.294 0.727
0.324 0.215 0.957
0.252 0.945 0.059
0.435 0.287 0.453
0.612 0.183 0.588
0.64 0.359 0.658
0.717 0.551 0.316
0.614 0.076 0.266
0.292 0.064 0.607
0 0.273 0.65
0.802 0.656 0.918
0.514 0.839 0.703
0.181 0.139 0.969
0.739 0.269 0.15
0.032 0.534 0.382
0.041 0.131 0.156
0.981 0.183 0.863
0.341 0.023 0.894
0.99 0.923 0.555
0.246 0.24 0.481
0.682 0.438 0.06
0.941 0.038 0.557
0.351 0.698 0.792
0.756 0.236 0.306
0.46 0.733 0.677
0.657 0.156 0.81
0.888 0.051 0.825
0.719 0.81 0.999
0.649 0.005 0.535
0.437 0.448 0.437
0.647 0.447 0.845
0.348 0.198 0.688
0.042 0.639 0.109
0.559 0.573 0.672
0.724 0.509 0.398
0.263 0.211 0.79
0.657 0.254 0.297
0.683 0.909 0.454
0.214 0.825 0.506
0.569 0.283 0.102
0.599 0.968 0.063
0.809 0.227 0.546
0.362 0.342 0.593
0.525 0.583 0.318
0.355 0.967 0.461
0.305 0.4 0.006
0.059 0.532 0.273
0.342 0.541 0.5
0.707 0.951 0.641
0.128 0.374 0.261
0.129 0.99 0.481
0.221 0.414 0.886
0.967 0.934 0.418
0.821 0.8 0.412
0.122 0.601 0.698
0.374 0.866 0.743
0.682 0.45 0.022
0.787 0.886 0.606
0.142 0.132 0.636
0.351 0.266 0.19
0.812 0.879 0.978
0.238 0.103 0.23
0.963 0.317 0.162
0.491 0.566 0.061
0.043 0.931 0.785
0.506 0.735 0.646
0.867 0.985 0.613
0.458 0.978 0.238
0.54 0.57 0.254
0.688 0.745 0.559
0.19 0.879 0.831
0.571 0.772 0.686
0.567 0.041 0.433
0.815 0.777 0.775
0.51 0.232 0.337
0.355 0.507 0.429
0.328 0.207 0.977
0.035 0.345 0.205
0.36 0.268 0.555
0.79 0.236 0.651
0.901 0.844 0.667
0.574 0.369 0.441
0.869 0.9 0.443
0.957 0.794 0.777
0.222 0.872 0.158
0.707 0.558 0.536
0.044 0.123 0.425
0.217 0.271 0.83
0.113 0.035 0.228
0.186 0.879 0.527
0.561 0.058 0.381
0.633 0.794 0.571
0.889 0.702 0.021
0.773 0.399 0.799
0.983 0.985 0.482
0.831 0.574 0.504
0.669 0.668 0.836
0.466 0.774 0.572
0.5 0.322 0.453
0.34 0.748 0.606
0.449 0.405 0.918
0.293 0.149 0.734
0.718 0.514 0.59
0.658 0.974 0.697
0.227 0.06 0.521
0.031 0.271 0.998
0.927 0.893 0.103
0.533 0.879 0.891
0.039 0.533 0.264
0.548 0.164 0.139
0.576 0.115 0.993
0.921 0.872 0.142
0.095 0.85 0.544
0.024 0.576 0.028
0.053 0.094 0.621
0.894 0.199 0.128
0.356 0.801 0.665
0.706 0.196 0.123
0.921 0.561 0.445
0.971 0.699 0.682
0.144 0.753 0.807
0.454 0.95 0.345
0.998 0.112 0.961
0.385 0.913 0.825
0.056 0.131 0.159
0.045 0.496 0.854
0.885 0.174 0.675
0.019 0.648 0.277
0.935 0.341 0.951
0.826 0.619 0.415
0.223 0.233 0.846
0.975 0.511 0.343
0.817 0.024 0.55
0.714 0.86 0.45
0.184 0.291 0.101
0.509 0.885 0.542
0.961 0.457 0.056
0.709 0.961 0.163
0.084 0.099 0.182
0.809 0.535 0.837
0.888 0.867 0.35
0.584 0.558 0.95
0.712 0.399 0.702
0.256 0.775 0.924
0.275 0.603 0.243
0.169 0.811 0.703
0.954 0.039 0.578
0.097 0.561 0.58
0.278 0.371 0.531
0.607 0.352 0.487
0.863 0.863 0.761
0.082 0.448 0.576
0.754 0.755 0.367
0.453 0.686 0.085
0.6 0.25 0.404
0.27 0.731 0.348
0.745 0.704 0.234
0.809 0.154 0.723
0.689 0.928 0.509
0.806 0.567 0.796
0.581 0.062 0.295
0.854 0.045 0.102
0.515 0.431 0.847
0.999 0.794 0.062
0.405 0.139 0.988
0.922 0.029 0.511
0.585 0.913 0.711
0.82 0.235 0.394
0.997 0.525 0.685
0.134 0.58 0.043
0.682 0.812 0.107
0.273 0.325 0.421
0.692 0.417 0.549
0.697 0.116 0.886
0.231 0.108 0.809
0.16 0.951 0.497
0.637 0.312 0.818
0.444 0.897 0.942
0.906 0.202 0.816
0.429 0.161 0.905
0.769 0.603 0.565
0.692 0.007 0.197
0.062 0.168 0.167
0.343 0.084 0.151
0.845 0.63 0.783
0.221 0.112 0.14
0.466 0.559 0.11
0.09 0.764 0.175
0.811 0.799 0.429
0.321 0.525 0.158
0.733 0.505 0.283
0.568 0.139 0.684
0.712 0.089 0.186
0.386 0.325 0.239
0.514 0.077 0.796
0.658 0.092 0.834
0.899 0.051 0.789
0.163 0.361 0.817
0.919 0.341 0.534
0.253 0.344 0.37
0.19 0.244 0.774
0.504 0.509 0.134
0.053 0.884 0.553
0.559 0.39 0.6
0.238 0.096 0.292
0.21 0.353 0.901
0.904 0.515 0.631
0.221 0.687 0.125
0.537 0.458 0.405
0.608 0.45 0.218
0.932 0.48 0.065
0.416 0.662 0.887
0.621 0.034 0.942
0.817 0.059 0.509
0.358 0.439 0.431
0.18 0.313 0.957
0.702 0.541 0.57
0.795 0.448 0.268
0.981 0.34 0.181
0.755 0.857 0.491
0.548 0.487 0.881
0.612 0.916 0.642
0.961 0.634 0.17
0.478 0.742 0.194
0.953 0.51 0.484
0.929 0.519 0.597
0.983 0.265 0.581
0.005 0.492 0.272
0.229 0.562 0.923
0.35 0.054 0.195
0.592 0.843 0.449
0.349 0.839 0.657
0.982 0.18 0.802
0.072 0.352 0.931
0.56 0.16 0.487
0.651 0.133 0.032
0.253 0.024 0.909
0.896 0.712 0.195
0.937 0.709 0.324
0.025 0.272 0.483
0.144 0.789 0.723
0.581 0.709 0.276
0.554 0.884 0.282
0.549 0.866 0.616
0.847 0.232 0.58
0.142 0.586 0.95
0.878 0.696 0.991
0.521 0.957 0.052
0.154 0.507 0.476
0.549 0.185 0.281
0.985 0.601 0.625
0.395 0.168 0.665
0.436 0.392 0.445
0.034 0.763 0.367
0.505 0.396 0.892
0.952 0.355 0.062
0.655 0.778 0.136
0.195 0.985 0.149
0.944 0.079 0.985
0.528 0.543 0.361
0.211 0.659 0.105
0.885 0.481 0.611
0.137 0.103 0.223
0.467 0.826 0.053
0.52 0.965 0.956
0.045 0.414 0.024
0.924 0.113 0.134
0.755 0.917 0.177
0.952 0.007 0.224
0.735 0.769 0.712
0.004 0.704 0.094
0.334 0.323 0.899
0.403 0.687 0.78
0.647 0.862 0.629
0.766 0.126 0.261
0.471 0.828 0.924
0.428 0.228 0.533
0.322 0.648 0.911
0.447 0.477 0.994
0.245 0.495 0.523
0.683 0.592 0.489
0.421 0.691 0.21
0.289 0.559 0.86
0.83 0.009 0.967
0.715 0.1 0.796
0.051 0.756 0.614
0.53 0.56 0.103
0.455 0.952 0.758
0.707 0.217 0.355
0.854 0.444 0.352
0.825 0.232 0.196
0.93 0.331 0.356
0.556 0.14 0.977
0.894 0.174 0.002
0.18 0.831 0.071
0.257 0.943 0.785
0.187 0.322 0.76
0.681 0.496 0.575
0.514 0.991 0.754
0.07 0.639 0.736
0.156 0.353 0.462
0.321 0.649 0.82
0.288 0.07 0.178
0.437 0.869 0.321
0.263 0.811 0.348
0.202 0.011 0.563
0.062 0.353 0.605
0.654 0.986 0.577
0.882 0.845 0.617
0.232 0.677 0.623
0.604 0.038 0.244
0.159 0.557 0.384
0.246 0.849 0.319
0.694 0.483 0.058
0.116 0.059 0.281
0.566 0.219 0.748
0.727 0.743 0.812
0.275 0.323 0.656
0.001 0.732 0.813
0.203 0.996 0.473
0.039 0.01 0.318
0.7 0.355 0.07
0.111 0.686 0.062
0.164 0.515 0.269
0.949 0.953 0.414
0.829 0.66 0.525
0.301 0.856 0.17
0.407 0.381 0.135
0.447 0.364 0.909
0.961 0.428 0.619
0.125 0.924 0.809
0.509 0.765 0.589
0.778 0.497 0.604
0.824 0.984 0.105
0.163 0.63 0.184
0.83 0.078 0.25
0.137 0.017 0.421
0.507 0.965 0.249
0.643 0.265 0.691
0.94 0.558 0.432
0.865 0.647 0.259
0.208 0.096 0.585
0.079 0.439 0.267
0.853 0.334 0.056
0.868 0.425 0.079
0.035 0.616 0.918
0.621 0.514 0.22
0.221 0.165 0.726
0.527 0.202 0.458
0.384 0.586 0.842
0.244 0.298 0.616
0.167 0.113 0.082
0.732 0.846 0.008
0.838 0.033 0.627
0.023 0.556 0.913
0.233 0.38 0.932
0.482 0.655 0.813
0.766 0.176 0.928
0.033 0.138 0.901
0.09 0.78 0.115
0.298 0.67 0.5
0.276 0.649 0.241
0.194 0.485 0.439
0.109 0.179 0.381
0.029 0.551 0.736
0.592 0.241 0.956
0.165 0.997 0.537
0.82 0.955 0.439
0.489 0.469 0.76
0.435 0.752 0.437
0.324 0.663 0.619
0.098 0.36 0.519
0.095 0.541 0.924
0.317 0.699 0.156
0.681 0.684 0.727
0.678 0.897 0.459
0.926 0.964 0.045
0.509 0.465 0.166
0.258 0.151 0.58
0.071 0.396 0.784
0.13 0.529 0.536
0.544 0.658 0.368
0.716 0.142 0.433
0.115 0.494 0.182
0.729 0.898 0.644
0.454 0.403 0.383
0.968 0.674 0.238
0.221 0.728 0.714
0.514 0.748 0.228
0.251 0.831 0.172
0.206 0.031 0.813
0.764 0.056 0.583
0.718 0.465 0.076
0.863 0.438 0.238
0.879 0.55 0.129
0.917 0.935 0.352
0.421 0.281 0.291
0.632 0.424 0.766
0.917 0.85 0.589
0.451 0.37 0.564
0.435 0.589 0.214
0.42 0.458 0.316
0.311 0.393 0.04
0.292 0.85 0.373
0.657 0.646 0.836
0.203 0.097 0.015
0.739 0.92 0.47
0.585 0.323 0.659
0.515 0.904 0.051
0.726 0.424 0.441
0.663 0.395 0.173
0.721 0.459 0.16
0.04 0.481 0.171
0.578 0.055 0.285
0.24 0.163 0.272
0.602 0.192 0.055
0.566 0.545 0.839
0.963 0.422 0.806
0.443 0.082 0.146
0.833 0.184 0.946
0.531 0.624 0.223
0.457 0.616 0.854
0.442 0.193 0.751
0.738 0.211 0.264
0.963 0.475 0.675
0.868 0.579 0.998
0.086 0.995 0.338
0.444 0.298 0.723
0.236 0.306 0.677
0.117 0.054 0.373
0.662 0.575 0.326
0.227 0.564 0.81
0.107 0.896 0.852
0.523 0.896 0.026
0.8 0.882 0.806
0.597 0.521 0.034
0.403 0.146 0.176
0.832 0.693 0.861
0.469 0.115 0.568
0.061 0.016 0.672
0.411 0.725 0.83
0.681 0.541 0.711
0.894 0.779 0.433
0.118 0.76 0.415
0.771 0.139 0.919
0.217 0.98 0.364
0.42 0.454 0.731
0.54 0.13 0.366
0.995 0.191 0.609
0.499 0.689 0.331
0.724 0.509 0.131
0.012 0.477 0.108
0.78 0.377 0.799
0.437 0.186 0.039
0.927 0.687 0.598
0.917 0.122 0.2
0.425 0.258 0.465
0.666 0.209 0.673
0.826 0.951 0.901
0.388 0.423 0.722
0.638 0.446 0.587
0.505 0.981 0.196
0.406 0.02 0.734
0.702 0.1 0.906
0.819 0.23 0.178
0.222 0.839 0.382
0.422 0.465 0.046
0.558 0.738 0.492
0.322 0.369 0.26
0.059 0.498 0.942
0.963 0.351 0.291
0.57 0.513 0.076
0.822 0.715 0.224
0.75 0.739 0.436
0.238 0.191 0.22
0.215 0.362 0.002
0.589 0.554 0.908
0.514 0.956 0.255
0.563 0.495 0.421
0.175 0.893 0.432
0.778 0.869 0.151
0.555 0.176 0.53
0.354 0.854 0.135
0.615 0.678 0.379
0.134 0.953 0.021
0.215 0.661 0.113
0.491 0.506 0.683
0.134 0.828 0.065
0.685 0.995 0.632
0.435 0.13 0.757
0.094 0.514 0.46
0.246 0.875 0.947
0.309 0.831 0.164
0.274 0.8 0.434
0.515 0.192 0.594
0.754 0.539 0.251
0.979 0.633 0.707
0.631 0.621 0.397
0.251 0.569 0.114
0.613 0.668 0.574
0.821 0.595 0.347
0.8 0.096 0.087
0.31 0.823 0.971
0.545 0.992 0.687
0.125 0.052 0.263
0.969 0.752 0.634
0.57 0.711 0.064
0.865 0.659 0.181
0.649 0.044 0.469
0.062 0.91 0.482
0.644 0.845 0.002
0.606 0.989 0.207
0.551 0.09 0.215
0.76 0.972 0.122
0.856 0.26 0.232
0.022 0.054 0.679
0.87 0.096 0.079
0.816 0.776 0.373
0.096 0.023 0.654
0.514 0.659 0.066
0.642 0.887 0.098
0.356 0.329 0.876
0.189 0.085 0.06
0.496 0.658 0.802
0.714 0.785 0.724
0.754 0.73 0.01
0.456 0.561 0.295
0.543 0.35 0.142
0.824 0.24 0.135
0.781 0.278 0.46
0.755 0.549 0.945
0.609 0.662 0.083
0.963 0.447 0.602
0.978 0.343 0.281
0.671 0.879 0.665
0.934 0.626 0.741
0.46 0.986 0.149
0.133 0.028 0.522
0.37 0.946 0.599
0.862 0.615 0.729
0.006 0.211 0.499
0.155 0.912 0.497
0.587 0.59 0.637
0.462 0.945 0.027
0.705 0.081 0.528
0.046 0.862 0.557
0.928 0.916 0.067
0.466 0.708 0.978
0.392 0.841 0.28
0.895 0.217 0.851
0.741 0.743 0.394
0.23 0.987 0.731
0.893 0.38 0.553
0.457 0.74 0.996
0.15 0.994 0.447
0.285 0.733 0.451
0.835 0.603 0.813
0.446 0.477 0.438
0.152 0.123 0.461
0.022 0.348 0.609
0.148 0.194 0.014
0.662 0.777 0.566
0.964 0.603 0.362
0.342 0.798 0.503
0.857 0.49 0.37
0.225 0.217 0.636
0.383 0.838 0.558
0.77 0.887 0.001
0.622 0.708 0.798
0.814 0.534 0.243
0.693 0.527 0.497
0.956 0.666 0.891
0.813 0.813 0.186
0.91 0.732 0.85
0.891 0.235 0.174
0.288 0.236 0.755
0.85 0.554 0.875
0.129 0.146 0.442
0.017 0.06 0.223
0.004 0.09 0.762
0.175 0.262 0.438
0.701 0.809 0.893
0.156 0.353 0.937
0.13 0.231 0.463
0.09 0.951 0.164
0.594 0.371 0.87
0.365 0.925 0.588
0.161 0.698 0.649
0.581 0.882 0.369
0.589 0.55 0.792
0.235 0.487 0.664
0.788 0.782 0.306
0.781 0.955 0.477
0.909 0.122 0.084
0.719 0.355 0.687
0.536 0.645 0.51
0.403 0.825 0.343
0.185 0.145 0.236
0.867 0.257 0.481
0.199 0.398 0.082
0.832 0.231 0.534
0.276 0.651 0.622
0.868 0.194 0.31
0.048 0.738 0.386
0.21 0.86 0.352
0.93 0.449 0.386
0.016 0.225 0.904
0.663 0.111 0.474
0.249 0.484 0.15
0.859 0.799 0.636
0.85 0.541 0.115
0.446 0.104 0.082
0.107 0.058 0.097
0.868 0.348 0.332
0.02 0.294 0.225
0.385 0.965 0.257
0.954 0.832 0.036
0.897 0.242 0.419
0.414 0.637 0.318
0.871 0.83 0.325
0.338 0.045 0.429
0.15 0.144 0.796
0.136 0.973 0.804
0.384 0.264 0.057
0.36 0.085 0.36
0.883 0.028 0.746
0.18 0.761 0.325
0.626 0.754 0.989
0.301 0.673 0.526
0.096 0.956 0.978
0.486 0.38 0.017
0.556 0.35 0.742
0.482 0.467 0.585
0.879 0.384 0.271
0.107 0.377 0.445
0.795 0.006 0.073
0.631 0.555 0.779
0.012 0.596 0.977
0.519 0.392 0.245
0.542 0.039 0.06
0.373 0.361 0.409
0.568 0.809 0.147
0.745 0.865 0.439
0.366 0.672 0.78
0.672 0.208 0.456
0.432 0.003 0.393
0.742 0.017 0.637
0.993 0.108 0.798
0.392 0.752 0.11
0.271 0.873 0.19
0.794 0.474 0.402
0.525 0.142 0.675
0.373 0.427 0.419
0.045 0.215 0.43
0.036 0.943 0.177
0.245 0.486 0.416
0.983 0.897 0.923
0.644 0.253 0.366
0.692 0.302 0.171
0.986 0.033 0.752
0.205 0.143 0.759
0.089 0.296 0.293
0.613 0.41 0.897
0.965 0.392 0.208
0.841 0.831 0.149
0.013 0.174 0.935
0.462 0.531 0.275
0.825 0.579 0.777
0.472 0.265 0.674
0.355 0.934 0.292
0.701 0.774 0.376
0.476 0.921 0.442
0.635 0.519 0.957
0.828 0.82 0.091
0.957 0.769 0.94
0.665 0.945 0.403
0.257 0.12 0.568
0.843 0.98 0.599
0.407 0.533 0.18
0.682 0.348 0.634
0.035 0.264 0.203
0.418 0.485 0.39
0.501 0.655 0.952
0.923 0.016 0.361
0.165 0.437 0.952
0.219 0.734 0.952
0.365 0.446 0.869
0.888 0.812 0.765
0.804 0.9 0.283
0.915 0.847 0.557
0.277 0.092 0.569
0.164 0.947 0.447
0.456 0.663 0.135
0.927 0.122 0.243
0.625 0.146 0.566
0.316 0.513 0.946
0.572 0.167 0.261
0.3 0.73 0.16
0.501 0.706 0.586
0.869 0.64 0.577
0.655 0.495 0.579
0.473 0.734 0.91
0.301 0.857 0.124
0.057 0.151 0.944
0.303 0.156 0.349
0.649 0.956 0.108
0.268 0.143 0.789
0.743 0.47 0.138
0.232 0.658 0.205
0.913 0.809 0.44
0.122 0.547 0.932
0.128 0.517 0.661
0.494 0.034 0.544
0.022 0.581 0.076
0.069 0.071 0.483
0.075 0.004 0.458
0.601 0.111 0.018
0.38 0.388 0.244
0.526 0.232 0.398
0.003 0.309 0.623
0.754 0.913 0.843
0.433 0.157 0.397
0.259 0.96 0.574
0.209 0.364 0.427
0.611 0.838 0.907
0.516 0.288 0.43
0.79 0.945 0.641
0.151 0.176 0.017
0.03 0.176 0.444
0.73 0.227 0.606
0.542 0.832 0.182
0.701 0.914 0.865
0.893 0.746 0.314
0.635 0.423 0.958
0.54 0.065 0.394
0.037 0.996 0.133
0.777 0.96 0.637
0.089 0.41 0.433
0.239 0.466 0.199
0.114 0.059 0.08
0.056 0.084 0.193
0.534 0.624 0.036
0.74 0.128 0.112
0.088 0.485 0.476
0.316 0.462 0.616
0.226 0.28 0.416
0.792 0.144 0.653
0.264 0.298 0.447
0.736 0.737 0.14
0.844 0.73 0.096
0.22 0.461 0.817
0.626 0.226 0.48
0.852 0.715 0.426
0.122 0.759 0.545
0.395 0.008 0.873
0.535 0.084 0.847
0.693 0.796 0.461
0.417 0.521 0.822
0.145 0.254 0.994
0.26 0.791 0.753
0.956 0.091 0.577
0.397 0.143 0.78
0.16 0.548 0.193
0.839 0.751 0.931
0.783 0.551 0.941
0.066 0.561 0.881
0.54 0.47 0.679
0.548 0.629 0.539
0.926 0.063 0.009
0.299 0.138 0.955
0.528 0.737 0.375
0.599 0.336 0.13
0.466 0.658 0.405
0.568 0.026 0.011
0.345 0.688 0.664
0.617 0.814 0.99
0.215 0.236 0.064
0.53 0.796 0.737
0.795 0.175 0.67
0.912 0.15 0.001
0.332 0.815 0.763
0.644 0.04 0.326
0.81 0.06 0.783
0.68 0.351 0.797
0.763 0.217 0.886
0.831 0.983 0.704
0.444 0.831 0.509
0.299 0.242 0.439
0.953 0.73 0.53
0.614 0.803 0.204
0.122 0.778 0.063
0.115 0.746 0.835
0.736 0.772 0.553
0.61 0.36 0.845
0.91 0.615 0.298
0.596 0.683 0.617
0.809 0.939 0.818
0.982 0.516 0.86
0.381 0.661 0.407
0.095 0.155 0.699
0.073 0.1 0.441
0.832 0.049 0.802
0.995 0.067 0.018
0.002 0.647 0.019
0.521 0.181 0.542
0.868 0.881 0.321
0.509 0.593 0.258
0.305 0.557 0.288
0.184 0.201 0.244
0.784 0.739 0.711
0.377 0.158 0.8
0.733 0.844 0.219
0.436 0.571 0.72
0.343 0.754 0.299
0.185 0.865 0.884
0.998 0.99 0.161
0.219 0.814 0.412
0.16 0.264 0.953
0.629 0.622 0.236
0.451 0.382 0.96
0.388 0.663 0.653
0.555 0.97 0.455
0.902 0.523 0.143
0.921 0.473 0.392
0.3 0.325 0.83
0.994 0.441 0.626
0.613 0.42 0.679
0.768 0.464 0.365
0.509 0.708 0.725
0.888 0.066 0.929
0.433 0.131 0.786
0.335 0.177 0.749
0.44 0.2 0.058
0.885 0.951 0.095
0.712 0.716 0.458
0.769 0.137 0.759
0.972 0.547 0.998
0.638 0.412 0.461
0.131 0.832 0.222
0.406 0.474 0.52
0.363 0.61 0.687
0.381 0.301 0.31
0.047 0.296 0.782
0.66 0.287 0.528
0.47 0.608 0.024
0.911 0.837 0.319
0.706 0.854 0.51
0.506 0.668 0.009
0.131 0.744 0.812
0.332 0.58 0.779
0.614 0.745 0.944
0.675 0.497 0.022
0.461 0.243 0.632
0.442 0.548 0.861
0.204 0.774 0.814
0.324 0.744 0.618
0.603 0.888 0.715
0.998 0.338 0.986
0.379 0.92 0.246
0.642 0.88 0.464
0.819 0.137 0.317
0.034 0.364 0.552
0.229 0.619 0.689
0.019 0.01 0.726
0.168 0.142 0.896
0.712 0.199 0.754
0.775 0.519 0.078
0.419 0.227 0.43
0.507 0.892 0.016
0.316 0.71 0.957
0.543 0.467 0.951
0.967 0.884 0.068
0.599 0.792 0.9
0.681 0.089 0.713
0.118 0.341 0.154
0.686 0.037 0.482
0.06 0.575 0.415
0.119 0.508 0.628
0.893 0.581 0.89
0.551 0.803 0.123
0.005 0.276 0.04
0.303 0.807 0.378
0.081 0.228 0.003
0.156 0.826 0.087
0.388 0.879 0.662
0.618 0.093 0.639
0.658 0.75 0.251
0.764 0.137 0.644
0.023 0.78 0.717
0.046 0.632 0.555
0.775 0.579 0.744
0.208 0.174 0.09
0.522 0.809 0.058
0.054 0.032 0.625
0.68 0.012 0.939
0.502 0.604 0.365
0.581 0.901 0.407
0.42 0.879 0.703
0.386 0.834 0.793
0.049 0.632 0.233
0.823 0.731 0.133
0.566 0.758 0.474
1 0.645 0.511
0.54 0.729 0.693
0.041 0.191 0.148
0.784 0.387 0.676
0.002 0.304 0.071
0.324 0.809 0.892
0.245 0.801 0.184
0.017 0.122 0.692
0.169 0.366 0.919
0.777 0.5 0.253
0.879 0.933 0.413
0.735 0.497 0.53
0.688 0.478 0.535
0.09 0.047 0.03
0.58 0.752 0.373
0.595 0.612 0.118
0.247 0.148 0.37
0.72 0.565 0.831
0.641 0.829 0.783
0.808 0.998 0.73
0.995 0.485 0.978
0.435 0.806 0.345
0.506 0.076 0.249
0.413 0.111 0.768
0.47 0.962 0.079
0.174 0.384 0.396
0.903 0.883 0.603
0.833 0.701 0.724
0.702 0.517 0.157
0.777 0.071 0.775
0.699 0.525 0.128
0.69 0.83 0.693
0.73 0.178 0.604
0.935 0.844 0.394
0.924 0.151 0.206
0.36 0.419 0.743
0.249 0.592 0.79
0.917 0.87 0.2
0.203 0.58 0.654
0.686 0.685 0.704
0.549 0.313 0.426
0.989 0.958 0.202
0.919 0.117 0.002
0.231 0.827 0.262
0.737 0.684 0.595
0.06 0.433 0.421
0.091 0.244 0.863
0.152 0.714 0.226
0.493 0.527 0.701
0.861 0.229 0.417
0.04 0.938 0.924
0.452 0.122 0.852
0.102 0.718 0.754
0.483 0.264 0.298
0.977 0.325 0.796
0.484 0.175 0.937
0.567 0.597 0.442
0.806 0.706 0.116
0.892 0.165 0.6
0.932 0.74 0.881
0.951 0.434 0.54
0.587 0.699 0.867
0.471 0.807 0.05
0.443 0.654 0.63
0.675 0.642 0.726
0.94 0.566 0.962
0.645 0.348 0.863
0.266 0.484 0.737
0.853 0.228 0.962
0.122 0.727 0.367
0.362 0.528 0.171
0.019 0.336 0.576
0.957 0.479 0.834
0.356 0.951 0.705
0.026 0.91 0.427
0.986 0.446 0.999
0.841 0.281 0.667
0.578 0.537 0.79
0.379 0.755 0.958
0.564 0.571 0.618
0.731 0.585 0.615
0.274 0.169 0.068
0.653 0.362 0.529
0.764 0.644 0.311
0.826 0.653 0.96
0.289 0.274 0.602
0.943 0.587 0.817
0.299 0.358 0.527
0.891 0.307 0.531
0.427 0.936 0.742
0.067 0.38 0.493
0.395 0.347 0.909
0.554 0.902 0.268
0.688 0.937 0.549
0.948 0.704 0.68
0.731 0.405 0.293
0.011 0.778 0.875
0.803 0.102 0.471
0.255 0.269 0.55
0.047 0.134 0.108
0.776 0.266 0.807
0.503 0.666 0.348
0.217 0.083 0.914
0.119 0.935 0.261
0.282 0.767 0.281
0.251 0.213 0.831
0.202 0.464 0.944
0.504 0.154 0.653
0.558 0.702 0.26
0.481 0.77 0.849
0.51 0.504 0.187
0.541 0.38 0.748
0.406 0.545 0.757
0.022 0.439 0.227
0.699 0.323 0.534
0.9 0.899 0.134
0.502 0.13 0.061
0.326 0.087 0.729
0.165 0.384 0.35
0.045 0.592 0.328
0.314 0.272 0.8
0.544 0.806 0.309
0.136 0.698 0.461
0.177 0.667 0.22
0.59 0.009 0.286
0.383 0.214 0.964
0.861 0.093 0.605
0.425 0.6 0.273
0.463 0.802 0.059
0.073 0.127 0.747
0.737 0.746 0.066
0.006 0.632 0.819
0.511 0.291 0.19
0.322 0.721 0.544
0.915 0.886 0.827
0.548 0.824 0.077
0.844 0.827 0.948
0.863 0.859 0.834
0.979 0.039 0.658
0.563 0.88 0.698
0.387 0.512 0.849
0.568 0.119 0.201
0.346 0.241 0.271
0.153 0.345 0.675
0.043 0.962 0.172
0.646 0.596 0.239
0.74 0.318 0.631
0.751 0.652 0.019
0.721 0.488 0.476
0.077 0.37 0.082
0.283 0.779 0.539
0.493 0.117 0.523
0.96 0.733 0.486
0.333 0.198 0.002
0.528 0.191 0.085
0.57 0.219 0.133
0.797 0.69 0.705
0.121 0.008 0.548
0.229 0.235 0.762
0.518 0.251 0.224
0.062 0.321 0.012
0.921 0.948 0.47
0.548 0.937 0.903
0.331 0.47 0.4
0.467 0.322 0.561
0.539 0.505 0.12
0.63 0.136 0.86
0.863 0.533 0.603
0.836 0.777 0.807
0.813 0.389 0.369
0.597 0.011 0.015
0.538 0.578 0.779
0.551 0.09 0.449
0.112 0.541 0.506
0.233 0.175 0.475
0.044 0.598 0.421
0.189 0.329 0.588
0.494 0.729 0.644
0.905 0.994 0.977
0.026 0.39 0.227
0.278 0.726 0.67
0.595 0.136 0.042
0.922 0.374 0.384
0.401 0.634 0.958
0.031 0.32 0.96
0.039 0.606 0.327
0.496 0.905 0.204
0.403 0.62 0.166
0.295 0.925 0.748
0.419 0.252 0.358
0.392 0.266 0.944
0.086 0.249 0.661
0.061 0.157 0.154
0.673 0.192 0.084
0.453 0.894 0.727
0.406 0.376 0.845
0.267 0.116 0.281
0.539 0.636 0.15
0.535 0.669 0.848
0.817 0.406 0.868
0.774 0.601 0.04
0.801 0.444 0.999
0.885 0.916 0.227
0.97 0.301 0.802
0.571 0.636 0.005
0.952 0.271 0.36
0.693 0.025 0.865
0.747 0.483 0.878
0.082 0.245 0.441
0.522 0.197 0.222
0.574 0.853 0.442
0.337 0.507 0.83
0.174 0.022 0.392
0.523 0.041 0.415
0.711 0.372 0.542
0.45 0.627 0.81
0.627 0.793 0.074
0.67 0.118 0.904
0.901 0.762 0.519
0.397 0.033 0.428
0.601 0.747 0.495
0.658 0.828 0.845
0.718 0.011 0.096
0.584 0.24 0.312
0.09 0.95 0.053
0.118 0.164 0.982
0.938 0.13 0.787
0.07 0.448 0.759
0.052 0.539 0.725
0.04 0.189 0.599
0.892 0.27 0.48
0.009 0.901 0.246
0.345 0.244 0.26
0.296 0.913 0.239
0.194 0.457 0.485
0.633 0.601 0.46
0.605 0.211 0.796
0.928 0.463 0.994
0.739 0.835 0.719
0.139 0.676 0.997
0.253 0.941 0.602
0.484 0.524 0.541
0.349 0.191 0.689
0.858 0.934 0.616
0.648 0.383 0.723
0.864 0.158 0.367
0.522 0.776 0.805
0.032 0.321 0.965
0.351 0.145 0.906
0.022 0.903 0.436
0.509 0.906 0.843
0.65 0.104 0.142
0.955 0.4 0.56
0.975 0.703 0.618
0.512 0.749 0.073
0.082 0.022 0.809
0.379 0.438 0.499
0.463 0.809 0.872
0.457 0.729 0.314
0.107 0.895 0.701
0.277 0.184 0.412
0.716 0.636 0.086
0.759 0.428 0.44
0.927 0.828 0.409
0.487 0.342 0.65
0.932 0.134 0.426
0.949 0.812 0.203
0.874 0.501 0.574
0.597 0.167 0.479
0.639 0.7 0.098
0.922 0.057 0.065
0.786 0.268 0.99
0.271 0.057 0.084
0.56 0.386 0.104
0.442 0.481 0.025
0.01 0.894 0.468
0.984 0.111 0.538
0.382 0.976 0.33
0.675 0.313 0.744
0.061 0.623 0.155
0.088 0.777 0.654
0.409 0.443 0.921
0.152 0.661 0.003
0.22 0.37 0.961
0.2 0.66 0.381
0.843 0.518 0.893
0.082 0.83 0.682
0.566 0.843 0.819
0.083 0.209 0.485
0.603 0.684 0.702
0.816 0.958 0.429
0.921 0.206 0.326
0.674 0.571 0.094
0.937 0.449 0.38
0.974 0.205 0.705
0.279 0.901 0.832
0.435 0.014 0.357
0.278 0.891 0.804
0.007 0.656 0.345
0.909 0.518 0.442
0.822 0.851 0.737
0.877 0.607 0.733
0.96 0.784 0.486
0.162 0.637 0.891
0.302 0.22 0.96
0.627 0.856 0.846
0.097 0.54 0.471
0.413 0.615 0.752
0.803 0.199 0.496
0.434 0.456 0.86
0.07 0.278 0.195
0.36 0.217 0.244
0.307 0.257 0.676
0.581 0.199 0.232
0.122 0.417 0.955
0.44 0.582 0.298
0.325 0.373 0.223
0.131 0.477 0.137
0.558 0.198 0.63
0.143 0.407 0.602
0.018 0.068 0.359
0.99 0.417 0.332
0.733 0.136 0.514
0.182 0.171 0.881
0.185 0.159 0.577
0.076 0.36 0.8
0.106 0.92 0.363
0.051 0.66 0.467
0.742 0.292 0.824
0.451 0.429 0.786
